10 0.131027 0.106563 0.262053 0.127037
6 0.323243 0.400929 0.511213 0.425570
8 0.038966 0.219071 0.077933 0.223977
11 0.189466 0.044419 0.378931 0.074337
7 0.308758 0.301348 0.500097 0.331413
9 0.340132 0.636843 0.527229 0.642223
10 0.128624 0.304526 0.257249 0.315939
10 0.233977 0.558194 0.415402 0.561983
1 0.120639 0.006144 0.241277 0.012288
3 0.130876 0.632487 0.261753 0.619252
2 0.610551 0.204201 0.778898 0.276194
4 0.452188 0.666262 0.623063 0.667476
4 0.497050 0.322732 0.672876 0.367955
4 0.520373 0.532453 0.697005 0.563004
