5 0.648859 0.307398 0.702282 0.289463
2 0.648885 0.383960 0.702231 0.354644
0 0.631184 0.693526 0.737632 0.586488
0 0.646591 0.198949 0.706819 0.192215
7 0.671963 0.738555 0.656074 0.522890
7 0.640622 0.023585 0.718756 0.023700
3 0.406739 0.446688 0.740276 0.403874
3 0.576230 0.069722 0.847540 0.069226
4 0.614708 0.135944 0.770584 0.133111
4 0.608884 0.019702 0.782232 0.019792
4 0.634816 0.602173 0.730367 0.523238
4 0.629029 0.478860 0.741943 0.430709
4 0.619376 0.242980 0.761247 0.232068
4 0.544234 0.342671 0.864309 0.318634
4 0.599021 0.705195 0.801958 0.589610
4 0.609856 0.744700 0.780288 0.510599
7 0.100819 0.003987 0.201638 0.003995
7 0.173185 0.742466 0.346370 0.515068
8 0.073467 0.356554 0.146934 0.328906
11 0.084496 0.261137 0.168993 0.246741
6 0.075119 0.549543 0.150238 0.481123
6 0.307379 0.011901 0.614758 0.011931
9 0.304415 0.168583 0.608831 0.163208
9 0.089053 0.671998 0.178107 0.567714
10 0.416266 0.745053 0.687727 0.509894
10 0.186185 0.597694 0.372369 0.516819
10 0.182359 0.703964 0.364719 0.589682
10 0.195998 0.478478 0.391996 0.427916
10 0.413634 0.346088 0.738657 0.321195
10 0.400851 0.114551 0.759420 0.112366
10 0.201831 0.227404 0.403661 0.216858
10 0.206810 0.007953 0.413619 0.007971
