5 0.669016 0.293969 0.661968 0.284962
2 0.660806 0.365088 0.678388 0.351130
0 0.608904 0.678301 0.782192 0.629104
0 0.676806 0.197285 0.646387 0.193255
7 0.629280 0.718225 0.741441 0.563550
7 0.694904 0.019074 0.610191 0.019036
3 0.442228 0.426223 0.731342 0.407120
3 0.628156 0.094147 0.743688 0.093236
4 0.657525 0.146176 0.684951 0.143971
4 0.665099 0.022240 0.669802 0.022190
4 0.622661 0.581257 0.754679 0.545362
4 0.629994 0.456298 0.740012 0.434360
4 0.648140 0.238702 0.703721 0.232786
4 0.581198 0.328329 0.830178 0.317068
4 0.577928 0.686191 0.844145 0.627619
4 0.573084 0.723858 0.853831 0.552283
7 0.145944 0.003188 0.291888 0.003187
7 0.176993 0.721044 0.353986 0.557912
8 0.096541 0.348182 0.193082 0.335501
11 0.113736 0.259188 0.227471 0.252203
6 0.082184 0.531418 0.164369 0.501514
6 0.375916 0.003188 0.566551 0.003187
9 0.355782 0.179350 0.590056 0.176023
9 0.086082 0.658155 0.172164 0.611899
10 0.402673 0.723155 0.773150 0.553690
10 0.200551 0.581257 0.401103 0.545362
10 0.194479 0.686191 0.388958 0.627619
10 0.216390 0.461731 0.432780 0.439260
10 0.455771 0.334015 0.708565 0.322356
10 0.471831 0.130970 0.676615 0.129202
10 0.233338 0.229877 0.457978 0.224394
10 0.260085 0.012729 0.441848 0.012713
