8 0.613440 0.325009 0.773120 0.425876
6 0.601086 0.035213 0.797828 0.070427
6 0.632304 0.660161 0.735392 0.664503
9 0.628299 0.533586 0.743402 0.579868
9 0.548791 0.268808 0.902418 0.382428
11 0.531596 0.014871 0.936809 0.029741
10 0.518577 0.175869 0.962846 0.305536
10 0.574732 0.075956 0.850536 0.151912
10 0.586739 0.300550 0.826521 0.406741
10 0.587364 0.427983 0.825271 0.505489
10 0.600227 0.668224 0.799546 0.663553
5 0.385848 0.355431 0.771696 0.454430
0 0.552681 0.524948 0.894639 0.577725
3 0.299769 0.270285 0.599538 0.387105
3 0.263458 0.637829 0.526917 0.661204
2 0.095015 0.171088 0.190031 0.306740
1 0.095980 0.525601 0.191959 0.587667
4 0.179857 0.708734 0.359714 0.582531
4 0.206071 0.306569 0.412141 0.417554
4 0.318070 0.081676 0.636139 0.163352
4 0.396188 0.192858 0.792376 0.320772
4 0.291394 0.537473 0.582787 0.591294
4 0.363466 0.668282 0.726932 0.663436
