1 0.669757 0.689948 0.660487 0.620104
5 0.634024 0.338376 0.731951 0.480412
2 0.651355 0.170274 0.697289 0.340548
3 0.664019 0.522081 0.671961 0.628748
3 0.603907 0.272910 0.792187 0.417650
0 0.654902 0.049399 0.690196 0.098797
0 0.553651 0.258179 0.801944 0.396300
4 0.643872 0.696183 0.712256 0.607635
4 0.636846 0.293888 0.726307 0.442834
4 0.598585 0.086921 0.802829 0.173843
4 0.549219 0.188927 0.790588 0.337091
4 0.570709 0.425958 0.806693 0.531941
4 0.608322 0.539175 0.783356 0.623199
4 0.578622 0.657448 0.806649 0.685104
8 0.066802 0.327748 0.133605 0.418546
9 0.285671 0.265787 0.539207 0.385098
9 0.069556 0.535268 0.139111 0.584151
7 0.280203 0.695712 0.510971 0.608575
6 0.085741 0.040586 0.171481 0.081171
6 0.059544 0.659136 0.119087 0.675122
11 0.186589 0.102756 0.373178 0.205511
10 0.189619 0.077550 0.379238 0.155099
10 0.175810 0.296767 0.351621 0.402121
10 0.394003 0.164697 0.636551 0.305209
10 0.173750 0.424246 0.347500 0.506124
10 0.162166 0.665367 0.324332 0.669267
10 0.430995 0.701355 0.650095 0.597290
10 0.411751 0.559714 0.635568 0.624457
