2 0.099742 0.166885 0.199483 0.308820
0 0.407035 0.124460 0.814069 0.248919
4 0.213082 0.308632 0.426163 0.428031
4 0.292705 0.550408 0.585410 0.611075
4 0.365161 0.664912 0.730323 0.670175
4 0.506183 0.090641 0.987635 0.181283
3 0.543130 0.411164 0.913740 0.511839
3 0.593785 0.633749 0.812430 0.674346
9 0.604851 0.699056 0.790298 0.601888
11 0.527332 0.013508 0.945337 0.027015
8 0.602364 0.202458 0.795272 0.338572
6 0.498287 0.391247 0.959667 0.495459
10 0.548819 0.291662 0.902363 0.415105
10 0.567682 0.081721 0.864636 0.163442
10 0.582463 0.300539 0.835073 0.422875
10 0.550878 0.571848 0.898244 0.630154
