2 0.096202 0.211500 0.192403 0.285094
0 0.399417 0.165644 0.798835 0.242010
4 0.209205 0.343222 0.418411 0.392751
4 0.292229 0.576070 0.584458 0.564998
4 0.351553 0.688285 0.703105 0.623430
4 0.504091 0.121223 0.991818 0.202177
3 0.541511 0.441808 0.916979 0.465347
3 0.593942 0.656175 0.812116 0.614020
9 0.603807 0.722500 0.792387 0.555001
7 0.590364 0.006374 0.819271 0.012748
11 0.526171 0.040219 0.947658 0.080437
8 0.601067 0.238295 0.797865 0.298908
6 0.488367 0.424588 0.933290 0.453233
10 0.549077 0.328172 0.901845 0.375826
10 0.567806 0.109128 0.864387 0.190114
10 0.581477 0.337633 0.837046 0.382419
10 0.551838 0.597738 0.896325 0.576732
