2 0.077054 0.161447 0.154107 0.298573
0 0.389695 0.120271 0.779391 0.240541
4 0.193279 0.303924 0.386557 0.411942
4 0.279891 0.552845 0.559782 0.591111
4 0.349615 0.672909 0.699230 0.654182
4 0.516281 0.083067 0.967437 0.166134
3 0.553731 0.409512 0.892538 0.486818
3 0.606808 0.639716 0.786384 0.640994
9 0.616728 0.712325 0.766543 0.575350
11 0.537862 0.008390 0.924276 0.016781
8 0.614230 0.192854 0.771540 0.314561
6 0.493896 0.392120 0.903792 0.475279
10 0.560588 0.290070 0.878825 0.394448
10 0.579241 0.074774 0.841518 0.149548
10 0.594053 0.296733 0.811895 0.398279
10 0.563649 0.574790 0.872702 0.601511
