3 0.271859 0.071417 0.543717 0.071547
3 0.480662 0.402174 0.880321 0.391376
0 0.205155 0.675834 0.410310 0.635874
0 0.092254 0.182469 0.184508 0.180271
2 0.074113 0.337626 0.148226 0.328417
1 0.090179 0.715544 0.180357 0.568913
1 0.269381 0.003280 0.538763 0.003307
5 0.278973 0.258497 0.557947 0.254348
4 0.192832 0.106681 0.385663 0.106353
4 0.192752 0.222261 0.385505 0.219104
4 0.196857 0.570544 0.393713 0.542768
4 0.192604 0.441552 0.385207 0.425717
4 0.303694 0.682745 0.607388 0.634511
4 0.290301 0.722655 0.580602 0.554690
4 0.347312 0.003276 0.694623 0.003307
4 0.376914 0.317876 0.753829 0.311438
6 0.532850 0.006528 0.934300 0.006609
8 0.609732 0.336441 0.780535 0.331395
6 0.630977 0.523583 0.738046 0.506217
11 0.599336 0.238389 0.801327 0.236995
7 0.604738 0.715791 0.790523 0.568418
7 0.589629 0.006508 0.820742 0.006609
9 0.628614 0.645198 0.742772 0.615918
9 0.541527 0.159326 0.916947 0.159011
10 0.485088 0.314432 0.881714 0.308684
10 0.469698 0.096675 0.888905 0.096929
10 0.568026 0.006517 0.863949 0.006607
10 0.577609 0.208322 0.844782 0.207260
10 0.588415 0.449280 0.823170 0.436619
10 0.597791 0.576562 0.804419 0.553141
10 0.603067 0.680997 0.793866 0.638006
10 0.525411 0.719526 0.882738 0.560949
