8 0.611600 0.326568 0.776800 0.464761
11 0.531678 0.014917 0.936644 0.029834
6 0.611354 0.046656 0.777292 0.093312
6 0.547629 0.402055 0.904742 0.516946
9 0.604668 0.693449 0.790664 0.613101
10 0.581722 0.081536 0.836555 0.163071
10 0.592379 0.313098 0.815242 0.449722
10 0.597533 0.430477 0.804933 0.542793
10 0.559644 0.578580 0.880713 0.645457
2 0.094133 0.183768 0.188267 0.321914
3 0.503336 0.697192 0.885541 0.605616
0 0.296896 0.049306 0.593792 0.098611
3 0.493502 0.157074 0.978210 0.309744
1 0.417096 0.060462 0.834192 0.120923
4 0.520492 0.099363 0.959017 0.198726
4 0.174898 0.710445 0.349797 0.579111
4 0.206450 0.319795 0.412900 0.438361
4 0.294254 0.556813 0.588509 0.618551
4 0.365051 0.666290 0.730101 0.667420
