8 0.621938 0.368139 0.756125 0.441219
2 0.076319 0.398061 0.152637 0.377467
11 0.612095 0.266750 0.775810 0.358462
5 0.073400 0.321354 0.146799 0.315353
9 0.634695 0.667927 0.730610 0.648873
3 0.495953 0.447992 0.901757 0.464069
3 0.294925 0.089576 0.589849 0.139464
6 0.638850 0.552357 0.722299 0.575727
9 0.544113 0.182943 0.911775 0.260109
7 0.612904 0.723170 0.774192 0.553660
6 0.618024 0.189902 0.763952 0.293294
0 0.106327 0.223238 0.212655 0.235744
0 0.190209 0.698739 0.380417 0.602522
0 0.081406 0.744191 0.162812 0.511618
0 0.093471 0.011243 0.186941 0.022486
10 0.499151 0.734137 0.817065 0.531726
4 0.276604 0.700372 0.553208 0.599255
4 0.257362 0.742011 0.514724 0.515978
10 0.601213 0.599331 0.797573 0.594051
7 0.604678 0.017891 0.790645 0.035781
10 0.604666 0.686247 0.790668 0.627506
10 0.590793 0.483319 0.818414 0.513070
10 0.575145 0.019296 0.849710 0.038592
10 0.583560 0.243921 0.832880 0.325293
4 0.185892 0.608445 0.371785 0.544279
4 0.385070 0.353533 0.770140 0.380412
4 0.197287 0.264179 0.394574 0.282673
10 0.518332 0.127693 0.963336 0.200609
10 0.591765 0.362928 0.816469 0.422771
4 0.203990 0.150288 0.407980 0.183406
4 0.205492 0.018050 0.410984 0.036100
4 0.184831 0.485177 0.369662 0.457137
