1 0.112871 0.714478 0.225742 0.571045
2 0.104088 0.483190 0.208176 0.469082
5 0.309976 0.270380 0.619953 0.302531
4 0.224681 0.222209 0.449362 0.262192
4 0.216488 0.442780 0.432976 0.436800
4 0.292608 0.554318 0.585217 0.513267
4 0.408261 0.004586 0.816522 0.009172
4 0.404050 0.329314 0.788619 0.348216
3 0.510043 0.420935 0.890953 0.417611
9 0.415834 0.071029 0.831668 0.127609
6 0.513369 0.635564 0.834537 0.561784
8 0.590111 0.359817 0.819778 0.370249
11 0.556158 0.269240 0.887684 0.299070
9 0.573061 0.523574 0.853877 0.488512
7 0.613513 0.006387 0.772974 0.012774
10 0.585912 0.006090 0.828175 0.012181
10 0.592653 0.224281 0.814694 0.260743
10 0.531206 0.331842 0.902203 0.349075
10 0.516523 0.726623 0.795461 0.546753
10 0.619879 0.666771 0.760242 0.576852
7 0.616666 0.725519 0.766668 0.548962
