0 0.556058 0.199483 0.887884 0.398966
5 0.626060 0.271814 0.747881 0.543628
3 0.636344 0.134743 0.727313 0.269486
1 0.658018 0.650811 0.683964 0.698378
3 0.651003 0.463896 0.697994 0.733249
4 0.622051 0.232018 0.755899 0.464036
3 0.581684 0.214682 0.836631 0.429365
4 0.577421 0.038064 0.845159 0.076127
4 0.554362 0.142537 0.891276 0.285074
4 0.559785 0.358148 0.880429 0.625146
4 0.637927 0.657987 0.724146 0.684026
4 0.589763 0.485593 0.820474 0.719806
4 0.568633 0.616883 0.862734 0.766235
9 0.295344 0.200830 0.590687 0.401660
7 0.283781 0.661850 0.567563 0.676300
6 0.067495 0.617780 0.134990 0.751653
8 0.073495 0.251372 0.146989 0.497495
10 0.400221 0.123781 0.736302 0.247561
11 0.196171 0.055493 0.392343 0.110985
10 0.199651 0.023942 0.399302 0.047885
10 0.184782 0.226977 0.369564 0.453953
10 0.185262 0.348595 0.370524 0.583202
10 0.176499 0.627860 0.352998 0.744280
10 0.419146 0.495036 0.722288 0.705517
10 0.435073 0.669307 0.729418 0.661386
