0 0.651859 0.116468 0.696283 0.127906
0 0.562156 0.344376 0.860977 0.323362
5 0.637939 0.432241 0.724121 0.397431
3 0.649792 0.273557 0.700416 0.267533
1 0.681643 0.743508 0.636714 0.512985
1 0.644813 0.010175 0.710374 0.020350
3 0.670840 0.599669 0.658320 0.522752
4 0.635365 0.384575 0.729270 0.359101
3 0.592334 0.364574 0.815333 0.341414
4 0.620593 0.038658 0.758813 0.052490
4 0.587864 0.162404 0.824272 0.166284
4 0.555902 0.278168 0.855640 0.267057
4 0.562059 0.503696 0.842651 0.449327
4 0.656361 0.746923 0.687278 0.506155
4 0.600876 0.607652 0.798248 0.525103
4 0.566789 0.711569 0.821459 0.576861
9 0.284994 0.344870 0.569989 0.320886
7 0.262579 0.740457 0.514917 0.519085
7 0.099228 0.018504 0.198455 0.021177
6 0.086046 0.090820 0.172092 0.091004
6 0.069237 0.695920 0.138474 0.577550
8 0.071860 0.401861 0.143719 0.364439
10 0.398453 0.257118 0.697510 0.247192
11 0.190668 0.178380 0.381336 0.174441
10 0.397029 0.026872 0.719986 0.034908
10 0.194870 0.144986 0.389740 0.143826
10 0.179954 0.376626 0.359908 0.345611
10 0.180503 0.487372 0.361005 0.432927
10 0.169071 0.711527 0.338142 0.576946
10 0.408068 0.608777 0.662867 0.523449
10 0.423151 0.748104 0.657723 0.503793
