1 0.303246 0.009501 0.606492 0.019003
1 0.076720 0.735702 0.153440 0.528597
2 0.083127 0.360917 0.166255 0.347663
5 0.294822 0.274347 0.589644 0.291663
4 0.211621 0.097299 0.423243 0.124042
4 0.203991 0.229054 0.407983 0.244045
4 0.188905 0.465595 0.377809 0.439539
4 0.187350 0.587195 0.374700 0.529860
4 0.398519 0.332332 0.797037 0.348512
4 0.398025 0.011261 0.796050 0.022522
3 0.304964 0.056730 0.609928 0.093125
3 0.505415 0.429077 0.926422 0.433642
6 0.609854 0.726791 0.780291 0.546417
6 0.635554 0.538435 0.728892 0.540294
7 0.602151 0.016133 0.795698 0.032267
8 0.618730 0.346972 0.762540 0.392419
11 0.539423 0.278948 0.921154 0.318149
9 0.547662 0.149400 0.904676 0.203308
9 0.632903 0.659870 0.734194 0.623164
10 0.526563 0.334615 0.934510 0.357794
10 0.579026 0.013972 0.841947 0.027943
10 0.583180 0.203337 0.833641 0.259438
10 0.600487 0.686780 0.799026 0.626439
10 0.509039 0.730620 0.855725 0.538760
