0 0.590079 0.102677 0.819842 0.111794
2 0.641759 0.252135 0.716482 0.249931
1 0.548236 0.238324 0.886666 0.233237
3 0.422012 0.238880 0.754047 0.232286
3 0.408667 0.735928 0.703304 0.528144
4 0.642907 0.740857 0.714186 0.518286
1 0.571989 0.007792 0.856023 0.015585
4 0.624911 0.372194 0.750177 0.350023
4 0.576274 0.707442 0.847453 0.585116
4 0.595095 0.587332 0.809811 0.513980
4 0.521373 0.144603 0.845247 0.148416
4 0.404906 0.148602 0.718519 0.150576
8 0.070818 0.390487 0.141636 0.356611
11 0.286408 0.056271 0.572815 0.061684
9 0.154077 0.737269 0.308154 0.525462
7 0.101190 0.003551 0.202380 0.006428
6 0.090005 0.086173 0.180011 0.086761
6 0.295631 0.452726 0.591262 0.409517
10 0.392132 0.015552 0.720988 0.023694
10 0.196656 0.139961 0.393311 0.139430
10 0.183096 0.364952 0.366192 0.337179
10 0.182931 0.476351 0.365861 0.426458
10 0.297501 0.609824 0.578052 0.526280
