1 0.665351 0.725578 0.669298 0.548844
2 0.637221 0.335159 0.725557 0.350973
5 0.567404 0.242580 0.865191 0.268315
4 0.617154 0.457413 0.765692 0.449172
4 0.606090 0.210996 0.787819 0.240621
4 0.605670 0.063321 0.788660 0.101324
4 0.549437 0.314201 0.901126 0.329725
4 0.592760 0.584054 0.814479 0.542127
3 0.395337 0.421650 0.771273 0.417080
6 0.403046 0.662232 0.737711 0.591845
11 0.296807 0.243166 0.593614 0.266641
9 0.531594 0.022389 0.936812 0.044777
9 0.079968 0.662180 0.159936 0.585949
8 0.067766 0.341376 0.135531 0.348516
7 0.164914 0.734036 0.329829 0.531929
10 0.174313 0.694167 0.348626 0.608468
10 0.408147 0.316258 0.767552 0.330565
10 0.204854 0.206714 0.409708 0.233547
10 0.418242 0.733439 0.724114 0.533122
