5 0.660554 0.240356 0.678892 0.314250
2 0.651147 0.329534 0.697706 0.388346
0 0.652589 0.139316 0.694821 0.222811
0 0.667324 0.537203 0.665352 0.545665
1 0.643295 0.030084 0.713411 0.060169
1 0.669537 0.662560 0.660927 0.631257
1 0.648250 0.017925 0.703499 0.035851
1 0.672114 0.718651 0.655772 0.562697
4 0.612164 0.016212 0.775671 0.032425
4 0.616583 0.057373 0.766835 0.114745
4 0.619535 0.180672 0.760930 0.248782
4 0.626149 0.292889 0.747703 0.345958
4 0.634602 0.429049 0.730795 0.455800
4 0.639031 0.555029 0.721937 0.548805
4 0.643306 0.679024 0.713389 0.632369
4 0.648267 0.722903 0.703467 0.554193
11 0.052660 0.221209 0.105320 0.225688
8 0.043322 0.325787 0.086644 0.315178
6 0.056257 0.126806 0.112515 0.139845
6 0.040392 0.523129 0.080784 0.470793
9 0.060245 0.008780 0.120489 0.017560
9 0.047284 0.681184 0.094568 0.582024
7 0.044775 0.738107 0.089549 0.523786
7 0.073055 0.005475 0.146109 0.010950
10 0.171335 0.007278 0.342671 0.014556
10 0.171311 0.044095 0.342622 0.072549
10 0.170251 0.183303 0.340502 0.202798
10 0.160351 0.313435 0.320702 0.315899
10 0.160798 0.448994 0.321595 0.425894
10 0.150484 0.579993 0.300969 0.522385
10 0.150701 0.690827 0.301403 0.597849
10 0.142958 0.738912 0.285915 0.522177
