10 0.593078 0.087896 0.813843 0.175793
4 0.201900 0.321942 0.403800 0.415732
2 0.085518 0.179455 0.171035 0.295068
4 0.390079 0.212106 0.780158 0.323403
4 0.314936 0.088687 0.629873 0.177374
0 0.117920 0.049545 0.235840 0.099090
11 0.575611 0.114893 0.848777 0.229787
10 0.590944 0.289031 0.818112 0.390449
10 0.534189 0.184088 0.931621 0.298676
8 0.631044 0.355951 0.737913 0.447181
6 0.611298 0.051624 0.777403 0.103249
3 0.381143 0.304373 0.762286 0.402327
10 0.505578 0.574908 0.860460 0.610776
3 0.286439 0.276265 0.572878 0.378429
5 0.173150 0.393576 0.346299 0.473033
4 0.341167 0.672392 0.678279 0.655217
10 0.619672 0.672308 0.760656 0.655385
4 0.293893 0.559989 0.587787 0.597533
1 0.077202 0.710701 0.154404 0.578598
6 0.651616 0.662972 0.696767 0.674056
3 0.080105 0.551629 0.160210 0.588609
9 0.638254 0.538357 0.723493 0.589022
9 0.557110 0.270566 0.885781 0.374449
10 0.597422 0.413355 0.805156 0.492557
4 0.364056 0.454796 0.728113 0.521766
10 0.500911 0.710105 0.811748 0.579791
7 0.577643 0.704825 0.844714 0.590350
4 0.171076 0.714416 0.342151 0.571167
