2 0.703445 0.159523 0.593111 0.191065
5 0.670020 0.317801 0.659960 0.336072
1 0.679622 0.693238 0.640757 0.613523
0 0.361482 0.473856 0.501014 0.471140
3 0.648818 0.245700 0.702363 0.270997
3 0.634900 0.602303 0.730200 0.576193
4 0.631487 0.493093 0.737025 0.487231
4 0.655114 0.697186 0.689772 0.605627
4 0.680276 0.270030 0.639448 0.293141
4 0.658439 0.060519 0.683122 0.096411
4 0.609576 0.168028 0.705859 0.199056
4 0.373528 0.397414 0.481312 0.405980
4 0.604330 0.618034 0.760248 0.588669
7 0.331915 0.691260 0.488613 0.617481
11 0.264760 0.081304 0.375323 0.116529
8 0.104069 0.296714 0.208137 0.317212
6 0.147582 0.013811 0.236163 0.027622
6 0.087195 0.606811 0.174391 0.579777
9 0.104838 0.485902 0.209677 0.481230
9 0.372034 0.240252 0.483006 0.266013
10 0.473798 0.148125 0.566943 0.180321
10 0.276083 0.051545 0.356280 0.087685
10 0.252389 0.267342 0.345525 0.290704
10 0.214442 0.622504 0.341663 0.592199
10 0.239294 0.377181 0.351587 0.388409
10 0.467482 0.509767 0.598910 0.501076
10 0.460402 0.699155 0.625751 0.601689
