2 0.639711 0.191170 0.720577 0.266934
3 0.585805 0.288852 0.828390 0.351659
3 0.385122 0.712868 0.637789 0.574264
1 0.535444 0.420322 0.840373 0.460238
4 0.645152 0.720251 0.709695 0.559498
4 0.625056 0.319376 0.749888 0.380116
4 0.600628 0.563211 0.798743 0.573093
4 0.553077 0.681664 0.812531 0.636671
4 0.544621 0.213200 0.863024 0.282931
4 0.515339 0.067592 0.842640 0.135185
0 0.585470 0.023386 0.829059 0.046772
0 0.267525 0.536842 0.535050 0.544974
9 0.153261 0.714982 0.306522 0.570035
9 0.274104 0.276357 0.548207 0.335732
6 0.279629 0.411903 0.559258 0.448854
6 0.077650 0.025034 0.155300 0.050069
8 0.068367 0.340071 0.136733 0.385697
10 0.192400 0.068595 0.384801 0.137189
10 0.175448 0.316601 0.350896 0.368143
10 0.173834 0.436115 0.347667 0.465275
10 0.165335 0.682873 0.330670 0.634254
