0 0.616971 0.679890 0.766057 0.640219
2 0.635218 0.355421 0.729565 0.426694
5 0.568043 0.272055 0.863913 0.334156
1 0.660283 0.716934 0.679435 0.566131
1 0.565953 0.015289 0.868094 0.030578
4 0.602236 0.101619 0.795528 0.195900
4 0.608205 0.229361 0.783591 0.309388
4 0.618631 0.460748 0.762738 0.494300
4 0.625217 0.581649 0.749566 0.578786
4 0.602058 0.728258 0.795883 0.543484
4 0.534028 0.013577 0.922069 0.027154
4 0.530607 0.334979 0.879413 0.374654
3 0.563386 0.068027 0.873228 0.136054
3 0.397781 0.433764 0.745830 0.442086
11 0.284876 0.285074 0.569753 0.312456
7 0.167435 0.737491 0.334871 0.525019
7 0.080003 0.004891 0.160006 0.009782
8 0.061504 0.367819 0.123008 0.355404
6 0.063143 0.553595 0.126287 0.496150
9 0.290616 0.164580 0.581232 0.207844
9 0.076821 0.673957 0.153642 0.579162
10 0.393727 0.337252 0.739927 0.365582
10 0.186105 0.009152 0.372211 0.018305
10 0.193126 0.222674 0.386252 0.248329
10 0.177856 0.478641 0.355711 0.454734
10 0.173145 0.596625 0.346289 0.538499
10 0.175449 0.699643 0.350898 0.600715
10 0.415624 0.733090 0.701575 0.533819
