0 0.601996 0.678291 0.796008 0.625212
2 0.651050 0.355611 0.697901 0.351208
5 0.599219 0.273867 0.801562 0.273522
1 0.628269 0.720319 0.743462 0.559362
1 0.621960 0.006555 0.756081 0.013110
4 0.644389 0.125632 0.711222 0.135109
4 0.637741 0.237901 0.724518 0.241575
4 0.624799 0.455392 0.750402 0.438019
4 0.618917 0.573461 0.762165 0.539020
4 0.575509 0.725348 0.848981 0.549304
4 0.596217 0.012404 0.807567 0.021612
4 0.566227 0.332068 0.836870 0.325354
3 0.614210 0.088741 0.771580 0.098037
3 0.433586 0.421834 0.727316 0.404477
11 0.318116 0.281602 0.600355 0.276450
7 0.174173 0.723387 0.348345 0.553225
7 0.124488 0.002701 0.248977 0.005403
8 0.082837 0.351710 0.165675 0.337246
6 0.068318 0.532825 0.136636 0.496604
9 0.336455 0.171505 0.584382 0.173217
9 0.071567 0.658911 0.143135 0.602225
10 0.437754 0.329858 0.704997 0.321922
10 0.223587 0.005070 0.441329 0.009427
10 0.222036 0.223368 0.444072 0.220821
10 0.201248 0.460865 0.402495 0.436098
10 0.189496 0.581011 0.378992 0.539008
10 0.185859 0.687807 0.371718 0.624386
10 0.410254 0.724699 0.754559 0.550602
