9 0.502449 0.036288 0.995101 0.072576
9 0.605332 0.725091 0.789337 0.549818
8 0.610511 0.340965 0.778978 0.376231
11 0.534042 0.014892 0.931915 0.029783
7 0.596771 0.026177 0.806458 0.052355
6 0.604778 0.029825 0.790444 0.059650
6 0.548721 0.403022 0.902558 0.425053
10 0.509924 0.009600 0.980152 0.019200
10 0.577066 0.069304 0.845869 0.138609
10 0.588961 0.309251 0.822078 0.350368
10 0.608135 0.684506 0.783730 0.612766
10 0.594289 0.433799 0.811421 0.445119
2 0.099335 0.175424 0.198671 0.249007
3 0.302893 0.276446 0.605786 0.329406
3 0.504667 0.722063 0.881040 0.555874
1 0.391537 0.416596 0.783073 0.438667
0 0.303654 0.023425 0.607308 0.046850
0 0.554002 0.540636 0.891995 0.523709
4 0.404277 0.208429 0.808554 0.270309
4 0.435925 0.072812 0.871849 0.145625
4 0.206225 0.317664 0.412450 0.363943
4 0.176260 0.728217 0.352520 0.543567
4 0.296885 0.548790 0.593770 0.534634
4 0.366441 0.682899 0.732881 0.620728
