9 0.491196 0.118053 0.950379 0.117633
9 0.617188 0.740447 0.765624 0.519106
8 0.618894 0.406135 0.762213 0.379146
11 0.539607 0.082060 0.920786 0.082805
7 0.598726 0.015228 0.802548 0.015707
6 0.611597 0.102817 0.776807 0.103900
6 0.556619 0.465161 0.886763 0.422935
10 0.512925 0.026768 0.974149 0.027286
10 0.583842 0.155068 0.832316 0.154101
10 0.597232 0.376826 0.805537 0.353100
10 0.619066 0.708335 0.761867 0.583330
10 0.601725 0.491536 0.796550 0.445155
2 0.074049 0.271031 0.148099 0.255789
3 0.279537 0.356303 0.559075 0.330777
3 0.483956 0.740774 0.798288 0.518451
1 0.309517 0.007761 0.619034 0.007892
1 0.360899 0.483879 0.721797 0.434148
0 0.277882 0.108198 0.555764 0.107266
0 0.563312 0.590869 0.873377 0.516403
4 0.377089 0.289388 0.754178 0.274704
4 0.409973 0.163334 0.819947 0.160471
4 0.186543 0.394833 0.373087 0.360959
4 0.168654 0.751285 0.337308 0.497431
4 0.280519 0.601055 0.561039 0.517388
4 0.342805 0.711014 0.672643 0.577972
