0 0.297590 0.039538 0.595180 0.079075
2 0.093445 0.193419 0.186891 0.324193
3 0.595713 0.643529 0.808573 0.667686
3 0.541312 0.414443 0.917377 0.504919
4 0.177837 0.717078 0.355673 0.565845
4 0.202105 0.319366 0.404209 0.428140
4 0.294171 0.557123 0.588341 0.604083
4 0.369873 0.672213 0.739745 0.655574
1 0.407556 0.310789 0.815113 0.422104
4 0.507159 0.097809 0.985683 0.195618
8 0.599249 0.210451 0.801502 0.338265
9 0.597140 0.705204 0.805721 0.589591
6 0.596034 0.026912 0.807932 0.053824
11 0.522587 0.008416 0.954826 0.016831
10 0.570810 0.083199 0.858380 0.166397
10 0.584458 0.317470 0.831084 0.428618
10 0.585869 0.439239 0.828262 0.524487
10 0.555984 0.583200 0.888033 0.625837
