5 0.386473 0.368526 0.772946 0.428174
3 0.302829 0.277252 0.605658 0.355070
3 0.263336 0.663846 0.526673 0.640813
2 0.099163 0.192669 0.198327 0.287124
1 0.083845 0.719677 0.167691 0.560645
4 0.176797 0.721945 0.353594 0.556109
4 0.208196 0.312234 0.416393 0.385090
4 0.325512 0.077068 0.651025 0.154136
4 0.291420 0.562972 0.582840 0.573124
4 0.359515 0.681654 0.719029 0.636692
4 0.401345 0.198839 0.802689 0.288492
0 0.558585 0.536008 0.882829 0.551203
8 0.619645 0.332701 0.760711 0.394801
9 0.549086 0.275138 0.901827 0.349855
9 0.628999 0.546189 0.742003 0.556186
6 0.608945 0.030747 0.782111 0.061494
6 0.643348 0.670938 0.713303 0.639562
11 0.564871 0.098740 0.870259 0.197479
10 0.578158 0.070088 0.843683 0.140176
10 0.524522 0.182928 0.950957 0.273829
10 0.596235 0.310696 0.807531 0.377672
10 0.597481 0.439501 0.805038 0.479220
10 0.608149 0.682738 0.783701 0.634524
