5 0.408753 0.365959 0.786059 0.496919
3 0.317558 0.276204 0.635117 0.421069
3 0.270866 0.657654 0.541732 0.684692
2 0.119250 0.191413 0.238500 0.338496
1 0.102678 0.710462 0.205357 0.579077
4 0.189843 0.710360 0.379685 0.579280
4 0.223196 0.313041 0.446392 0.444005
4 0.341798 0.094101 0.683596 0.188201
4 0.302637 0.558517 0.605274 0.627035
4 0.399008 0.664962 0.704724 0.670076
4 0.426668 0.200853 0.805004 0.364651
0 0.583865 0.530234 0.832271 0.626684
8 0.643661 0.331316 0.712679 0.495614
9 0.575391 0.275362 0.849219 0.437959
9 0.652211 0.539624 0.695578 0.646992
6 0.634341 0.052416 0.731318 0.104832
6 0.665339 0.648248 0.669322 0.703505
11 0.591518 0.121482 0.816964 0.242964
10 0.606109 0.093451 0.787782 0.186902
10 0.553343 0.182601 0.893315 0.355822
10 0.621322 0.309763 0.757356 0.471630
10 0.620617 0.433888 0.758766 0.566092
10 0.631922 0.658576 0.736156 0.682849
