2 0.065462 0.241223 0.130924 0.228666
1 0.086056 0.000000 0.172112 0.000000
1 0.076306 0.574911 0.152612 0.494405
0 0.247584 0.688144 0.495168 0.572920
0 0.275509 0.337344 0.551018 0.312961
5 0.355842 0.423886 0.711685 0.384555
4 0.369635 0.264526 0.739271 0.250797
4 0.166936 0.747295 0.333872 0.505410
4 0.181498 0.366930 0.362996 0.336780
4 0.274120 0.593434 0.548240 0.510067
4 0.346529 0.710058 0.658630 0.579884
4 0.399152 0.137438 0.798304 0.134698
0 0.260707 0.074405 0.521413 0.073845
0 0.562053 0.573809 0.875893 0.499772
11 0.538495 0.033796 0.923010 0.034084
7 0.610012 0.007556 0.779976 0.007694
9 0.618398 0.740520 0.763205 0.518959
9 0.557602 0.329542 0.884795 0.308391
6 0.566457 0.454089 0.867085 0.410094
6 0.615780 0.073615 0.768440 0.073838
8 0.621247 0.387796 0.757506 0.358910
10 0.525210 0.007596 0.949579 0.007691
10 0.520331 0.238953 0.912235 0.228665
10 0.587208 0.126411 0.825584 0.124902
10 0.602229 0.360389 0.795541 0.335147
10 0.607080 0.478971 0.785840 0.430499
10 0.620470 0.707305 0.759059 0.585390
