2 0.628415 0.167718 0.743170 0.335435
1 0.644522 0.518705 0.710955 0.601579
0 0.592119 0.653869 0.815762 0.673933
0 0.575770 0.270234 0.848460 0.405823
5 0.544667 0.363935 0.910667 0.468361
4 0.550089 0.194301 0.899822 0.336552
4 0.632126 0.707463 0.735748 0.585075
4 0.614462 0.298234 0.771076 0.436567
4 0.585504 0.545824 0.828991 0.602671
4 0.562387 0.670927 0.875226 0.658145
4 0.510131 0.087565 0.885897 0.175131
0 0.570245 0.039328 0.859510 0.078657
0 0.299779 0.533223 0.599559 0.573360
11 0.287845 0.011033 0.575689 0.022066
9 0.162620 0.713311 0.325239 0.573377
9 0.293821 0.271762 0.587643 0.380622
6 0.301791 0.402563 0.603582 0.481073
6 0.089395 0.038918 0.178791 0.077836
8 0.072616 0.341935 0.145231 0.417146
10 0.390675 0.171870 0.742215 0.306721
10 0.198372 0.079123 0.396744 0.158246
10 0.184654 0.304032 0.369309 0.396932
10 0.185735 0.431710 0.371471 0.493641
10 0.176868 0.675743 0.353736 0.648515
