2 0.091763 0.172334 0.183526 0.295848
1 0.088492 0.534366 0.176984 0.585049
0 0.260639 0.659239 0.521279 0.673916
0 0.300183 0.274775 0.600366 0.384426
5 0.389063 0.370233 0.778126 0.463883
4 0.400338 0.198698 0.800676 0.318487
4 0.173343 0.712035 0.346687 0.575930
4 0.202310 0.305448 0.404620 0.409631
4 0.294500 0.554133 0.588999 0.602339
4 0.370124 0.671280 0.740249 0.657440
4 0.427406 0.079955 0.854811 0.159910
0 0.289063 0.030575 0.578126 0.061149
0 0.547805 0.535158 0.904390 0.593003
11 0.528290 0.003077 0.943420 0.006154
9 0.600830 0.703530 0.798340 0.592940
9 0.543804 0.272078 0.912393 0.382934
6 0.550600 0.406932 0.898799 0.494651
6 0.605065 0.036049 0.789869 0.072098
8 0.607882 0.337363 0.784236 0.439643
10 0.517093 0.173416 0.965814 0.295831
10 0.573487 0.073735 0.853025 0.147470
10 0.587372 0.303444 0.825257 0.410063
10 0.593033 0.431744 0.813933 0.515322
10 0.604553 0.667636 0.790894 0.664727
