6 0.599725 0.052592 0.800550 0.105185
6 0.552779 0.405366 0.894441 0.518414
9 0.606049 0.695017 0.787901 0.609967
9 0.542097 0.274637 0.915806 0.413816
11 0.527553 0.017960 0.944894 0.035921
8 0.612359 0.342526 0.775283 0.476895
10 0.606713 0.662696 0.786573 0.674608
10 0.589802 0.437382 0.820396 0.546938
10 0.587024 0.310504 0.825952 0.446862
10 0.573492 0.081591 0.853016 0.163182
0 0.297306 0.046353 0.594613 0.092706
0 0.556020 0.535168 0.887959 0.613951
3 0.486883 0.697639 0.845249 0.604723
3 0.303549 0.281544 0.607099 0.410359
2 0.096893 0.176370 0.193787 0.315062
1 0.101980 0.420190 0.203960 0.511471
4 0.182759 0.711178 0.365518 0.577644
4 0.209558 0.310099 0.419115 0.429942
4 0.433220 0.091525 0.866441 0.183050
4 0.396404 0.204524 0.792808 0.348200
4 0.295470 0.549669 0.590940 0.612527
4 0.356001 0.667924 0.712002 0.664152
