6 0.618716 0.047172 0.762567 0.094343
6 0.573472 0.400298 0.853055 0.489957
9 0.625793 0.706036 0.748413 0.587927
9 0.564759 0.268378 0.870482 0.389959
11 0.551249 0.014689 0.897502 0.029378
8 0.631450 0.340962 0.737101 0.444204
10 0.625198 0.672084 0.749604 0.655832
10 0.607566 0.431909 0.784869 0.511424
10 0.608410 0.307228 0.783181 0.418547
10 0.592594 0.074880 0.814812 0.149759
0 0.308817 0.042988 0.617633 0.085977
0 0.577822 0.531210 0.844356 0.581399
3 0.514951 0.702850 0.815684 0.594299
3 0.314437 0.273536 0.628875 0.397136
2 0.116506 0.165659 0.233011 0.311913
1 0.122022 0.410421 0.244043 0.505678
4 0.199117 0.710439 0.398235 0.579122
4 0.223466 0.303726 0.446932 0.421749
4 0.448172 0.086911 0.854945 0.173821
4 0.413102 0.201992 0.793454 0.337217
4 0.305244 0.543512 0.610487 0.594565
4 0.381336 0.671261 0.682651 0.657478
