6 0.605726 0.033837 0.788549 0.067673
6 0.558608 0.404433 0.882783 0.450284
9 0.610934 0.718868 0.778133 0.562264
9 0.548422 0.272508 0.903157 0.350754
11 0.532552 0.001697 0.934896 0.003394
8 0.617830 0.340976 0.764340 0.400822
10 0.610877 0.685216 0.778246 0.629567
10 0.592721 0.436561 0.814558 0.471467
10 0.593080 0.309204 0.813840 0.377304
10 0.577859 0.063180 0.844282 0.126361
0 0.290461 0.031442 0.580921 0.062883
0 0.560561 0.537857 0.878879 0.544334
3 0.506022 0.716209 0.872279 0.567582
3 0.297928 0.278267 0.595856 0.359694
2 0.085143 0.171245 0.170285 0.275560
1 0.088870 0.419934 0.177740 0.472881
4 0.172424 0.724644 0.344847 0.550712
4 0.196489 0.307712 0.392978 0.384181
4 0.428558 0.077217 0.857116 0.154435
4 0.397616 0.202482 0.795233 0.295855
4 0.286887 0.551616 0.573775 0.560249
4 0.363521 0.684844 0.727042 0.630312
