11 0.198486 0.090311 0.396972 0.137717
2 0.668303 0.156989 0.663394 0.249479
4 0.645291 0.283880 0.709418 0.352306
1 0.654306 0.702399 0.691389 0.595202
4 0.628435 0.709044 0.743129 0.581912
3 0.606452 0.663540 0.787096 0.670378
3 0.618106 0.262467 0.763789 0.326849
5 0.554754 0.339636 0.789697 0.386159
4 0.556965 0.671361 0.807205 0.657279
4 0.604197 0.536185 0.791605 0.562053
4 0.622977 0.062050 0.754045 0.124099
4 0.571689 0.180152 0.773654 0.244765
4 0.321626 0.427289 0.512224 0.450286
0 0.310537 0.513564 0.519216 0.524830
8 0.070413 0.321420 0.140826 0.341365
9 0.312192 0.256612 0.512628 0.298791
9 0.065319 0.528879 0.130638 0.523377
6 0.106258 0.017953 0.212515 0.035906
6 0.045508 0.655102 0.091016 0.627617
10 0.220144 0.060794 0.383871 0.109814
10 0.181253 0.286293 0.362507 0.317782
10 0.155061 0.675047 0.310122 0.649907
10 0.178336 0.412467 0.356673 0.429767
10 0.430268 0.159126 0.612064 0.216370
10 0.415349 0.553765 0.626179 0.564179
