2 0.158281 0.547858 0.316562 0.673741
1 0.067593 0.676612 0.135186 0.646777
3 0.493370 0.317276 0.821881 0.495995
5 0.273792 0.140832 0.547583 0.281665
4 0.182296 0.091898 0.364593 0.183795
4 0.386377 0.203913 0.693404 0.402420
4 0.257772 0.499022 0.515544 0.630701
7 0.242640 0.672956 0.485280 0.654088
8 0.609055 0.239908 0.781889 0.431324
7 0.633028 0.000051 0.733944 0.000102
11 0.578684 0.150085 0.842631 0.300170
10 0.508670 0.195948 0.820205 0.391897
10 0.611317 0.102712 0.777366 0.205423
10 0.634492 0.638089 0.731016 0.713495
