2 0.604240 0.612389 0.791520 0.578016
1 0.654532 0.721538 0.690936 0.556924
3 0.377267 0.411444 0.754534 0.403598
5 0.558815 0.239068 0.882369 0.279567
4 0.599421 0.177946 0.801158 0.236670
4 0.524599 0.309759 0.887556 0.329992
4 0.587467 0.568165 0.825067 0.539033
7 0.588520 0.720111 0.822959 0.559777
9 0.505414 0.024034 0.922307 0.048069
8 0.175887 0.342665 0.351775 0.329226
7 0.101789 0.008133 0.203578 0.016265
11 0.288140 0.242077 0.576280 0.253698
10 0.384842 0.301276 0.755069 0.313442
10 0.198604 0.006743 0.397208 0.013485
10 0.199039 0.180124 0.398078 0.189506
10 0.177133 0.689634 0.354266 0.590557
