2 0.099705 0.173528 0.199409 0.301860
5 0.377388 0.364536 0.754775 0.451313
1 0.084561 0.706378 0.169122 0.587244
4 0.182140 0.711736 0.364279 0.576528
3 0.263471 0.650084 0.526943 0.662098
3 0.291626 0.273688 0.583252 0.380626
4 0.210518 0.302944 0.421037 0.405722
4 0.321362 0.079493 0.642724 0.158987
4 0.393973 0.192158 0.787947 0.310206
4 0.294721 0.544010 0.589442 0.585407
4 0.364195 0.672000 0.694888 0.655999
4 0.571721 0.446104 0.856559 0.506670
0 0.568381 0.528741 0.863238 0.566349
10 0.594757 0.080599 0.810486 0.161197
11 0.583169 0.103284 0.833662 0.206568
8 0.628750 0.334141 0.742499 0.419026
9 0.634600 0.534124 0.730800 0.564323
6 0.614676 0.047853 0.770648 0.095707
6 0.651302 0.664913 0.697397 0.654692
9 0.556640 0.268246 0.886721 0.370891
10 0.534749 0.173351 0.930502 0.292801
10 0.604024 0.303898 0.791951 0.396218
10 0.604601 0.431243 0.790798 0.493388
10 0.617331 0.673545 0.765338 0.652909
10 0.524883 0.568185 0.856511 0.595948
