1 0.674536 0.740463 0.650929 0.519074
2 0.650583 0.535141 0.698834 0.470959
5 0.581478 0.298622 0.837043 0.279256
3 0.396581 0.454521 0.723699 0.408709
4 0.632038 0.484673 0.735924 0.432373
4 0.622885 0.257424 0.754230 0.243113
4 0.601343 0.593665 0.797313 0.514072
4 0.543945 0.359633 0.844720 0.331313
4 0.298542 0.003863 0.597084 0.003860
11 0.292932 0.298622 0.585865 0.279256
8 0.175278 0.383274 0.350556 0.351006
9 0.283766 0.558366 0.567532 0.488279
6 0.404845 0.675443 0.700594 0.571322
9 0.525388 0.089953 0.869731 0.088245
7 0.601520 0.733903 0.796960 0.532194
7 0.096230 0.000000 0.192460 0.000000
10 0.405003 0.362611 0.712957 0.333808
10 0.196414 0.003863 0.392829 0.003860
10 0.199328 0.241239 0.398657 0.228699
10 0.174095 0.700779 0.348189 0.588338
