1 0.664800 0.734806 0.670400 0.530387
2 0.647988 0.526690 0.704024 0.486831
5 0.585473 0.289839 0.829055 0.289945
3 0.407589 0.450262 0.735428 0.416184
4 0.633310 0.479244 0.733380 0.447505
4 0.626577 0.245674 0.746847 0.254330
4 0.604749 0.589449 0.790502 0.526163
4 0.555590 0.354086 0.855442 0.341277
4 0.302784 0.006130 0.605567 0.012260
11 0.299701 0.291052 0.599403 0.282265
8 0.179112 0.380216 0.358224 0.354024
9 0.291274 0.555330 0.582548 0.493066
6 0.414769 0.673571 0.714149 0.578223
9 0.534099 0.075326 0.882961 0.090770
7 0.603717 0.730544 0.792565 0.538913
7 0.096928 0.004012 0.193856 0.008024
10 0.414234 0.355669 0.725233 0.339630
10 0.197836 0.003577 0.395673 0.007155
10 0.203962 0.233123 0.407923 0.228440
10 0.181786 0.703964 0.363572 0.592071
