11 0.285890 0.015083 0.571780 0.030166
6 0.087874 0.043229 0.175749 0.086457
8 0.069484 0.200584 0.138967 0.307784
9 0.149409 0.708638 0.298819 0.582723
10 0.196787 0.072751 0.393575 0.145503
10 0.178772 0.304066 0.357544 0.403505
10 0.179106 0.428581 0.358211 0.498077
10 0.292125 0.574494 0.584250 0.610816
2 0.633978 0.168092 0.732044 0.336185
0 0.579845 0.051648 0.840309 0.103296
3 0.157532 0.630063 0.315065 0.636816
3 0.284469 0.395728 0.568937 0.482578
1 0.537350 0.285902 0.887604 0.418740
4 0.393646 0.095409 0.732379 0.190819
4 0.622124 0.286972 0.755751 0.440955
4 0.569442 0.664871 0.861116 0.670258
4 0.590301 0.537320 0.819398 0.609814
