9 0.161067 0.716783 0.322134 0.566435
6 0.417603 0.400813 0.740427 0.433071
8 0.065001 0.175809 0.130001 0.240300
10 0.196756 0.067315 0.393513 0.134631
10 0.175537 0.311739 0.351074 0.357391
10 0.183663 0.436025 0.367325 0.457883
10 0.292735 0.570231 0.585469 0.559175
2 0.634137 0.180958 0.731726 0.249983
1 0.291641 0.298764 0.583282 0.347934
3 0.284175 0.412591 0.568351 0.441144
3 0.169984 0.637801 0.339968 0.604013
0 0.534434 0.134160 0.875121 0.203498
4 0.391270 0.081752 0.714427 0.153299
4 0.625116 0.325699 0.749769 0.373760
4 0.597019 0.557446 0.805961 0.554189
4 0.574199 0.686033 0.851603 0.627933
