5 0.676745 0.279491 0.646511 0.267924
2 0.674150 0.358871 0.651700 0.338568
0 0.681146 0.186035 0.637708 0.181544
0 0.688664 0.556798 0.622673 0.503432
3 0.674100 0.076253 0.651800 0.075940
3 0.688680 0.686867 0.622640 0.602900
1 0.675021 0.018474 0.649958 0.018589
1 0.692051 0.732725 0.615899 0.534550
4 0.668457 0.736897 0.663086 0.526206
4 0.664931 0.697718 0.670138 0.604563
4 0.660432 0.588464 0.679135 0.527562
4 0.660139 0.462867 0.679722 0.426591
4 0.655402 0.341216 0.689195 0.322558
4 0.649651 0.228851 0.700698 0.221217
4 0.649246 0.107989 0.701509 0.106797
4 0.648956 0.018491 0.702087 0.018586
11 0.086793 0.236817 0.173586 0.227095
8 0.069579 0.340468 0.139158 0.319702
6 0.089428 0.157048 0.178856 0.152927
6 0.061325 0.534568 0.122650 0.481406
9 0.094119 0.044321 0.188237 0.044076
9 0.063276 0.687422 0.126551 0.597584
7 0.107879 0.003738 0.215757 0.003745
7 0.052096 0.735133 0.104192 0.529734
10 0.202021 0.007459 0.404042 0.007475
10 0.199911 0.090932 0.399823 0.089757
10 0.195905 0.213665 0.391809 0.206049
10 0.186653 0.330830 0.373307 0.311664
10 0.181186 0.459723 0.362373 0.421529
10 0.169129 0.581296 0.338257 0.518750
10 0.167983 0.691286 0.335966 0.601245
10 0.156844 0.735221 0.313687 0.529559
