11 0.546192 0.008103 0.907616 0.016206
6 0.623223 0.038865 0.753554 0.077730
8 0.630524 0.195636 0.738952 0.353535
9 0.620242 0.700663 0.759517 0.598674
10 0.594222 0.075578 0.811556 0.151157
10 0.610217 0.308463 0.779565 0.441222
10 0.609482 0.434760 0.781036 0.536300
10 0.576169 0.579120 0.847661 0.628786
2 0.063992 0.187135 0.127984 0.316806
0 0.385736 0.125201 0.771472 0.250402
1 0.375768 0.307605 0.751537 0.428039
3 0.561871 0.396535 0.876257 0.503930
3 0.619571 0.636082 0.760858 0.670113
4 0.532510 0.090203 0.934980 0.180407
4 0.344971 0.672552 0.644534 0.654896
4 0.182074 0.313060 0.364149 0.423453
4 0.270514 0.558681 0.541029 0.602751
