6 0.083994 0.025246 0.167988 0.050491
8 0.066078 0.203775 0.132157 0.278836
9 0.155476 0.715277 0.310953 0.569445
10 0.190777 0.063357 0.381554 0.126714
10 0.174259 0.315928 0.348519 0.374772
10 0.175248 0.439071 0.350496 0.472660
10 0.284290 0.583141 0.568580 0.579159
2 0.637589 0.190932 0.724822 0.274178
0 0.527916 0.123272 0.882668 0.209320
1 0.527944 0.311877 0.863066 0.375432
3 0.277971 0.402479 0.555941 0.446285
3 0.157903 0.641346 0.315806 0.615554
4 0.391717 0.077194 0.728609 0.154388
4 0.564573 0.682815 0.840538 0.634370
4 0.623363 0.317973 0.753274 0.382992
4 0.597225 0.563090 0.805550 0.570963
