2 0.641368 0.198297 0.717263 0.374741
5 0.649530 0.358634 0.700940 0.490625
3 0.658900 0.548569 0.682199 0.607135
3 0.646915 0.170393 0.706170 0.340787
0 0.663179 0.660171 0.673643 0.664529
0 0.644531 0.052144 0.710938 0.104289
1 0.662656 0.712641 0.674689 0.574717
4 0.643485 0.719065 0.713030 0.561870
4 0.637733 0.667600 0.724534 0.661035
4 0.630183 0.567635 0.739634 0.608328
4 0.627925 0.436422 0.744149 0.531478
4 0.615733 0.326340 0.768534 0.457024
4 0.617191 0.217001 0.765619 0.377808
4 0.607174 0.102355 0.785652 0.204709
11 0.080360 0.263455 0.160721 0.357485
8 0.066013 0.359382 0.132025 0.428128
9 0.071140 0.181145 0.142281 0.290580
9 0.074206 0.555542 0.148412 0.558543
6 0.081456 0.032783 0.162913 0.065567
6 0.066614 0.674517 0.133229 0.624790
7 0.068969 0.731016 0.137938 0.537969
10 0.201772 0.084390 0.403545 0.168780
10 0.185665 0.207894 0.371329 0.322737
10 0.182479 0.330104 0.364958 0.416520
10 0.185223 0.448259 0.370447 0.499216
10 0.164126 0.733308 0.328252 0.533384
10 0.167802 0.684904 0.335605 0.630193
10 0.417577 0.579013 0.756006 0.593469
