2 0.082028 0.178242 0.164056 0.240974
5 0.071900 0.336338 0.143801 0.381111
3 0.069659 0.531606 0.139317 0.542063
3 0.082971 0.149176 0.165943 0.213553
0 0.075542 0.656195 0.151084 0.637516
0 0.100712 0.018086 0.201424 0.036171
1 0.066220 0.713776 0.132441 0.572449
4 0.164354 0.718940 0.328709 0.562120
4 0.172198 0.660241 0.344397 0.636700
4 0.186815 0.550603 0.373631 0.552766
4 0.181696 0.413582 0.363393 0.442681
4 0.191585 0.302536 0.383169 0.348711
4 0.188966 0.200241 0.377931 0.257994
4 0.205558 0.069327 0.411115 0.137330
11 0.632442 0.237487 0.735117 0.286018
8 0.637357 0.329414 0.725286 0.364232
9 0.637583 0.160921 0.724834 0.218167
9 0.643333 0.525592 0.713334 0.521006
6 0.628555 0.019531 0.742891 0.039061
6 0.660005 0.653004 0.679989 0.614430
7 0.625538 0.008906 0.748925 0.017812
7 0.662347 0.721679 0.675307 0.556643
10 0.601180 0.005093 0.797640 0.010186
10 0.602422 0.064794 0.795155 0.129588
10 0.608393 0.187600 0.783214 0.242174
10 0.613245 0.299889 0.773511 0.339452
10 0.613996 0.416523 0.772009 0.436326
10 0.633663 0.725300 0.732674 0.549400
10 0.627519 0.670980 0.744961 0.630022
10 0.510888 0.556240 0.795851 0.550136
