2 0.095173 0.197465 0.190346 0.309888
5 0.087558 0.358520 0.175115 0.444393
3 0.084344 0.555392 0.168689 0.591288
3 0.096261 0.165021 0.192522 0.281217
0 0.090198 0.668936 0.180395 0.662128
0 0.115927 0.034726 0.231855 0.069452
1 0.081482 0.716290 0.162965 0.567421
4 0.178126 0.718894 0.356252 0.562212
4 0.185066 0.670702 0.370132 0.658597
4 0.201959 0.573803 0.403919 0.605975
4 0.197362 0.436070 0.394725 0.505534
4 0.208999 0.321546 0.417997 0.415116
4 0.207229 0.214075 0.414457 0.324168
4 0.228222 0.089782 0.456444 0.179564
11 0.607421 0.250476 0.785157 0.357091
8 0.612214 0.346209 0.775573 0.439355
9 0.612163 0.172003 0.775674 0.286569
9 0.621250 0.545767 0.757500 0.596072
6 0.600386 0.028175 0.799229 0.056349
6 0.637173 0.664367 0.725654 0.671266
7 0.640741 0.712107 0.718517 0.575786
10 0.572710 0.080292 0.854580 0.160584
10 0.581923 0.196898 0.836154 0.309147
10 0.585979 0.319144 0.828041 0.415705
10 0.588165 0.437000 0.823671 0.511682
10 0.611089 0.716978 0.777821 0.566044
10 0.604036 0.670657 0.791927 0.658686
10 0.520166 0.577884 0.926266 0.613922
