7 0.258915 0.724827 0.517829 0.550345
1 0.082957 0.729407 0.165914 0.541186
2 0.178515 0.632853 0.357029 0.590337
5 0.307694 0.281129 0.615388 0.317547
4 0.210290 0.233320 0.420581 0.274585
4 0.285147 0.587873 0.570295 0.560760
4 0.408785 0.347653 0.817571 0.375212
1 0.594975 0.564719 0.810050 0.551643
8 0.541263 0.381024 0.917474 0.405485
7 0.617186 0.222129 0.765627 0.267834
10 0.525358 0.346472 0.949283 0.375221
10 0.548328 0.132371 0.903344 0.183092
10 0.580593 0.001951 0.838814 0.003902
10 0.606920 0.691498 0.786160 0.617004
