5 0.565291 0.273118 0.869418 0.280379
2 0.641562 0.494657 0.716876 0.475904
1 0.660924 0.721888 0.678151 0.556224
4 0.618311 0.459593 0.763378 0.443767
4 0.604098 0.239751 0.791804 0.253661
4 0.601414 0.120396 0.797171 0.143250
4 0.521023 0.013024 0.873506 0.026048
4 0.508679 0.330216 0.833773 0.327542
4 0.588082 0.567635 0.823837 0.527932
3 0.381785 0.429202 0.715063 0.409511
7 0.095961 0.004082 0.191923 0.008164
7 0.181376 0.730045 0.362752 0.539909
8 0.175235 0.361684 0.350470 0.345487
9 0.494879 0.082281 0.854570 0.100031
9 0.088811 0.663073 0.177623 0.587694
6 0.388394 0.665131 0.685183 0.597112
11 0.281524 0.274209 0.563048 0.271947
10 0.382837 0.334628 0.705457 0.328318
10 0.191162 0.003584 0.382325 0.007167
10 0.197642 0.221382 0.395284 0.220921
10 0.183654 0.691764 0.367308 0.611982
10 0.396299 0.730626 0.677037 0.538748
