5 0.086305 0.241052 0.172611 0.318393
2 0.083714 0.321320 0.167427 0.386860
0 0.103570 0.139158 0.207140 0.227455
0 0.094828 0.527098 0.189655 0.548469
3 0.109468 0.038076 0.218935 0.076152
3 0.086769 0.665150 0.173538 0.649727
1 0.086562 0.715520 0.173125 0.568960
4 0.216006 0.061306 0.432011 0.122613
4 0.210147 0.179148 0.420294 0.261311
4 0.204189 0.301890 0.408377 0.366966
4 0.199363 0.434205 0.398726 0.474390
4 0.194220 0.556783 0.388440 0.567713
4 0.189939 0.677234 0.379878 0.645532
4 0.185984 0.721237 0.371968 0.557526
11 0.614138 0.220508 0.771724 0.291970
8 0.619435 0.327616 0.761130 0.380309
6 0.640535 0.522063 0.718930 0.527771
6 0.615881 0.141712 0.768238 0.223732
9 0.608689 0.044904 0.782621 0.089807
9 0.640062 0.679604 0.719875 0.640791
10 0.616607 0.724878 0.766786 0.550243
10 0.603790 0.681411 0.792420 0.637178
10 0.604514 0.574395 0.790973 0.569432
10 0.595680 0.446905 0.808640 0.474554
10 0.588519 0.312761 0.822963 0.369220
10 0.586283 0.197302 0.827434 0.272359
10 0.579878 0.074527 0.840243 0.149055
7 0.649949 0.720607 0.700102 0.558786
