5 0.654171 0.256388 0.691658 0.345601
2 0.652598 0.336785 0.694804 0.409536
0 0.653843 0.153478 0.692313 0.258643
0 0.669317 0.538107 0.661367 0.557663
3 0.644792 0.052684 0.710417 0.105368
3 0.669434 0.672971 0.661133 0.647855
1 0.676356 0.720369 0.647288 0.559262
4 0.620939 0.072690 0.758123 0.145380
4 0.627648 0.194584 0.744704 0.287941
4 0.630389 0.313768 0.739223 0.385906
4 0.633197 0.446470 0.733605 0.486767
4 0.641137 0.566190 0.717726 0.572936
4 0.644534 0.682406 0.710931 0.635187
4 0.649475 0.725216 0.701049 0.549567
11 0.076919 0.231852 0.153838 0.289303
8 0.063832 0.341072 0.127665 0.379322
6 0.063290 0.535273 0.126579 0.526634
6 0.078581 0.149160 0.157163 0.216992
9 0.082868 0.042419 0.165737 0.084838
9 0.066671 0.686424 0.133342 0.627153
10 0.160218 0.730741 0.320435 0.538518
10 0.164125 0.687669 0.328251 0.624663
10 0.168660 0.583747 0.337321 0.565223
10 0.180074 0.459566 0.360147 0.476338
10 0.181153 0.326334 0.362307 0.373074
10 0.193578 0.208895 0.387157 0.275468
10 0.192075 0.075215 0.384149 0.150431
7 0.061462 0.727092 0.122924 0.545816
