9 0.441815 0.638862 0.769401 0.663114
8 0.070166 0.185660 0.140333 0.311805
11 0.293859 0.007642 0.587718 0.015283
6 0.420261 0.399642 0.769838 0.497425
7 0.402843 0.057072 0.777249 0.114144
10 0.431576 0.286543 0.774048 0.411695
10 0.202829 0.075092 0.405658 0.150184
10 0.188926 0.300521 0.377852 0.412155
10 0.300357 0.566426 0.600714 0.611572
3 0.172972 0.634557 0.345944 0.650948
0 0.550074 0.133353 0.899852 0.266707
2 0.635511 0.178774 0.728978 0.346870
4 0.624626 0.300153 0.750748 0.437160
4 0.570193 0.665558 0.859614 0.668884
4 0.594498 0.545152 0.811004 0.609678
