5 0.097529 0.349184 0.195059 0.450984
2 0.109988 0.196802 0.219975 0.336208
3 0.112282 0.149541 0.224565 0.296302
3 0.092684 0.553542 0.185368 0.584574
0 0.132208 0.032405 0.264416 0.064810
0 0.100512 0.670670 0.201025 0.648594
1 0.089404 0.720410 0.178807 0.559181
4 0.185751 0.725533 0.371503 0.548933
4 0.196670 0.670913 0.393340 0.642318
4 0.218180 0.564834 0.436360 0.582292
4 0.216082 0.434503 0.432165 0.501641
4 0.225130 0.324216 0.450260 0.424940
4 0.230851 0.209238 0.461702 0.338302
4 0.250997 0.089372 0.501993 0.178745
11 0.631091 0.267588 0.737817 0.368829
8 0.635590 0.360705 0.728819 0.433245
9 0.631653 0.192208 0.736694 0.313582
9 0.647278 0.555987 0.705444 0.550544
6 0.628541 0.061746 0.742919 0.123493
6 0.657808 0.671614 0.684384 0.609457
7 0.619896 0.020929 0.760208 0.041858
7 0.664907 0.733157 0.670187 0.533685
10 0.594512 0.013527 0.810976 0.027053
10 0.594725 0.102607 0.810550 0.205213
10 0.605296 0.215074 0.789407 0.330302
10 0.604728 0.330296 0.790543 0.413550
10 0.609154 0.452388 0.781692 0.493214
10 0.619002 0.575243 0.761997 0.564084
10 0.624667 0.689980 0.750666 0.620041
10 0.627036 0.736835 0.745928 0.526330
