1 0.077592 0.711811 0.155184 0.576378
2 0.165665 0.606189 0.331331 0.622157
5 0.284303 0.243851 0.568605 0.350258
4 0.194922 0.186412 0.389844 0.301219
4 0.185102 0.434523 0.370204 0.499020
4 0.266750 0.559658 0.533499 0.585762
4 0.386368 0.303845 0.763394 0.396011
3 0.507677 0.404941 0.867766 0.472693
6 0.510159 0.650200 0.831555 0.639943
11 0.556536 0.241399 0.886928 0.345925
8 0.595895 0.341595 0.808210 0.424138
9 0.576185 0.526510 0.847629 0.557433
10 0.520574 0.309746 0.881012 0.398726
10 0.599963 0.183210 0.800074 0.293562
10 0.620810 0.676434 0.758380 0.647132
10 0.590965 0.016594 0.818071 0.033189
7 0.618866 0.025039 0.762268 0.050077
7 0.251281 0.705901 0.502561 0.588199
