2 0.644968 0.176845 0.710064 0.247196
0 0.592573 0.024949 0.814854 0.049898
1 0.524554 0.408784 0.821703 0.433059
4 0.626943 0.307595 0.746115 0.356110
4 0.653132 0.724010 0.693736 0.551979
4 0.559783 0.686723 0.807781 0.626553
4 0.601794 0.547962 0.796412 0.540119
4 0.376010 0.078735 0.673497 0.147207
4 0.499688 0.070805 0.809790 0.141611
3 0.586724 0.273450 0.826552 0.324755
3 0.395112 0.716346 0.637873 0.567307
9 0.145815 0.720426 0.291629 0.559147
6 0.270122 0.399639 0.540244 0.421156
6 0.072892 0.007409 0.145784 0.014818
8 0.052265 0.338868 0.104529 0.366329
10 0.177910 0.055713 0.355820 0.111427
10 0.164793 0.302911 0.329585 0.339489
10 0.163841 0.432719 0.327681 0.444468
10 0.270972 0.574775 0.528007 0.552515
