11 0.282359 0.014006 0.564717 0.028012
8 0.067231 0.354280 0.134462 0.338022
7 0.096500 0.004776 0.193000 0.009551
6 0.084151 0.033381 0.168301 0.051945
6 0.287149 0.419607 0.574297 0.406474
9 0.147729 0.727911 0.295458 0.544179
10 0.388963 0.009811 0.724988 0.019622
10 0.194604 0.082147 0.389207 0.108403
10 0.178147 0.332675 0.356293 0.328833
10 0.175743 0.449851 0.351487 0.422100
10 0.299173 0.587683 0.581583 0.530042
2 0.641605 0.218660 0.716790 0.283406
0 0.589415 0.053621 0.821170 0.107241
3 0.407307 0.722862 0.699975 0.554275
3 0.409372 0.192600 0.764483 0.226409
1 0.569969 0.013473 0.860063 0.026947
1 0.550381 0.440521 0.872664 0.436592
4 0.646534 0.728877 0.706933 0.542245
4 0.387324 0.119785 0.719314 0.158830
4 0.514766 0.108917 0.852491 0.157180
4 0.626390 0.338578 0.747220 0.372388
4 0.595354 0.563531 0.809293 0.531259
4 0.571628 0.692832 0.856743 0.610510
