11 0.524155 0.012909 0.951690 0.025818
8 0.606072 0.312394 0.787856 0.492235
6 0.596932 0.036789 0.806135 0.073579
6 0.541955 0.385549 0.916090 0.526370
9 0.598811 0.682942 0.802379 0.634117
10 0.566529 0.075260 0.866942 0.150520
10 0.584731 0.292433 0.830539 0.464870
10 0.584634 0.414555 0.830732 0.559031
10 0.558524 0.564006 0.882952 0.653061
2 0.085868 0.183223 0.171737 0.311455
0 0.287158 0.040455 0.574316 0.080911
3 0.483579 0.688162 0.862100 0.623676
3 0.478177 0.156049 0.956354 0.312098
1 0.370671 0.411535 0.741342 0.526001
4 0.174599 0.710303 0.349197 0.579395
4 0.511517 0.099623 0.976967 0.199245
4 0.416695 0.087149 0.833390 0.174298
4 0.199062 0.307703 0.398124 0.425952
4 0.285687 0.543482 0.571373 0.610981
4 0.349006 0.662777 0.698013 0.674445
