8 0.630171 0.331251 0.739657 0.369062
6 0.624137 0.019714 0.751725 0.039428
6 0.565545 0.398080 0.868911 0.422850
9 0.619034 0.718244 0.761932 0.563512
10 0.591135 0.053848 0.817730 0.107697
10 0.608152 0.307850 0.783696 0.350173
10 0.606028 0.428551 0.787944 0.444209
10 0.580097 0.572835 0.839806 0.548140
2 0.071526 0.177704 0.143053 0.247728
0 0.275879 0.020818 0.551758 0.041636
3 0.490536 0.714484 0.784520 0.571031
3 0.480218 0.156225 0.890192 0.225454
1 0.359854 0.416171 0.713088 0.439008
4 0.163747 0.724272 0.327494 0.551456
4 0.529780 0.081180 0.915883 0.156933
4 0.407341 0.069042 0.801360 0.138084
4 0.186854 0.308411 0.373707 0.355779
4 0.275136 0.546020 0.550272 0.534731
4 0.351947 0.682273 0.647265 0.623480
