1 0.096243 0.692241 0.192486 0.615518
2 0.080091 0.289285 0.160183 0.352820
5 0.283423 0.210052 0.566845 0.276132
4 0.198317 0.398140 0.396634 0.451445
4 0.197654 0.170114 0.395308 0.237062
4 0.198821 0.057208 0.397641 0.114415
4 0.290724 0.534110 0.581448 0.573893
4 0.380064 0.276062 0.760128 0.336691
3 0.279184 0.031399 0.558368 0.062797
3 0.474240 0.369642 0.898060 0.424388
6 0.511202 0.629483 0.909370 0.657616
8 0.605007 0.293422 0.789987 0.352940
11 0.536095 0.222091 0.927810 0.286350
9 0.537766 0.110047 0.924468 0.178888
9 0.621621 0.622357 0.756759 0.649163
7 0.603103 0.699865 0.793793 0.600270
7 0.590290 0.010107 0.819420 0.020215
10 0.603983 0.661558 0.792034 0.676884
10 0.563144 0.005802 0.873711 0.011605
10 0.566923 0.160545 0.866155 0.227215
10 0.484948 0.265390 0.891249 0.326387
10 0.527752 0.700207 0.907224 0.599586
