0 0.220991 0.663395 0.441981 0.631084
1 0.270224 0.019355 0.540448 0.019477
1 0.107546 0.713467 0.215092 0.573066
2 0.083236 0.347164 0.166472 0.338994
5 0.288427 0.274427 0.576855 0.270479
0 0.393911 0.540484 0.787823 0.521419
4 0.199179 0.238457 0.398357 0.235370
4 0.198066 0.136733 0.396132 0.136108
4 0.204814 0.445520 0.409629 0.432006
4 0.210581 0.570019 0.421163 0.546718
4 0.309625 0.720104 0.619250 0.559793
4 0.322245 0.682298 0.644489 0.635405
4 0.385705 0.330597 0.771410 0.324752
4 0.349955 0.028956 0.699909 0.029149
3 0.277585 0.092646 0.555171 0.092687
3 0.475730 0.423572 0.940170 0.413459
11 0.586502 0.254567 0.826996 0.253148
8 0.594894 0.349301 0.810212 0.344744
7 0.597696 0.712881 0.804608 0.574237
7 0.572451 0.012828 0.855098 0.013002
6 0.520167 0.009650 0.959666 0.009756
6 0.616642 0.528833 0.766715 0.514086
9 0.523040 0.179288 0.953920 0.178819
9 0.618482 0.660112 0.763036 0.634306
10 0.484338 0.330120 0.919540 0.324737
10 0.459690 0.120594 0.919380 0.120707
10 0.549589 0.019249 0.900821 0.019472
10 0.562307 0.233804 0.875386 0.232479
10 0.575250 0.459421 0.849501 0.448352
10 0.588962 0.576731 0.822077 0.557196
10 0.591761 0.680131 0.816479 0.639739
10 0.529982 0.717195 0.940037 0.565610
