0 0.633402 0.678966 0.733196 0.620514
1 0.578099 0.013477 0.843802 0.026954
1 0.674888 0.723640 0.650225 0.552719
2 0.653977 0.371704 0.692046 0.409118
5 0.586416 0.294029 0.827168 0.327195
0 0.555862 0.569160 0.847760 0.532609
4 0.626796 0.257427 0.746407 0.303892
4 0.624259 0.133969 0.751483 0.193847
4 0.635322 0.476199 0.729355 0.480536
4 0.640323 0.596647 0.719354 0.566700
4 0.617622 0.736596 0.764756 0.526808
4 0.605953 0.696163 0.788095 0.607674
4 0.547014 0.357170 0.848570 0.371113
4 0.557944 0.017082 0.884112 0.034163
3 0.580056 0.083405 0.839888 0.138727
3 0.406788 0.457784 0.729995 0.443446
11 0.078954 0.279384 0.157909 0.274143
8 0.065609 0.383388 0.131218 0.360010
7 0.164439 0.740280 0.328879 0.519441
7 0.091243 0.006930 0.182486 0.013860
6 0.299487 0.007498 0.598974 0.014996
6 0.062452 0.565014 0.124904 0.498152
9 0.298231 0.189238 0.596462 0.212332
9 0.079081 0.687580 0.158162 0.583146
10 0.420091 0.357841 0.716990 0.364244
10 0.400741 0.121469 0.733995 0.157096
10 0.196689 0.005506 0.393379 0.011011
10 0.194026 0.254448 0.388052 0.261726
10 0.185770 0.492977 0.371540 0.455236
10 0.176811 0.608333 0.353622 0.537713
10 0.177196 0.704073 0.354392 0.591855
10 0.430575 0.739160 0.689038 0.521681
