5 0.291270 0.222374 0.582540 0.329340
3 0.475681 0.406988 0.920346 0.473484
6 0.484980 0.641584 0.878056 0.636895
11 0.536047 0.235962 0.927906 0.336930
9 0.628065 0.635201 0.743870 0.626689
8 0.573178 0.334826 0.853645 0.415975
7 0.597803 0.716264 0.804395 0.567472
10 0.603742 0.676301 0.792516 0.647397
10 0.574489 0.182334 0.851022 0.290128
10 0.505351 0.306255 0.925811 0.393152
10 0.484277 0.717110 0.825943 0.565780
4 0.207927 0.185568 0.415853 0.297001
4 0.221788 0.069209 0.443576 0.138417
4 0.389706 0.297659 0.779412 0.388180
4 0.281863 0.551861 0.563727 0.580321
4 0.200212 0.428343 0.400424 0.492515
2 0.083550 0.309400 0.167101 0.404039
1 0.090030 0.708158 0.180060 0.583683
