5 0.287659 0.290599 0.575317 0.285059
3 0.475223 0.455249 0.934715 0.425291
6 0.486974 0.672704 0.890293 0.580862
11 0.531593 0.292185 0.936815 0.295433
9 0.623618 0.658495 0.752764 0.580266
8 0.566629 0.382757 0.866743 0.374278
7 0.589482 0.008859 0.821036 0.017718
7 0.593792 0.737383 0.812415 0.525234
10 0.596635 0.700330 0.806731 0.599339
10 0.570484 0.238448 0.859031 0.251738
10 0.560136 0.009208 0.879728 0.018417
10 0.508583 0.358697 0.943942 0.348444
10 0.481526 0.741440 0.836783 0.517121
4 0.398104 0.010413 0.796208 0.020827
4 0.203312 0.256152 0.406624 0.252244
4 0.218164 0.131611 0.436327 0.139956
4 0.390942 0.354230 0.781883 0.341876
4 0.276502 0.591063 0.553004 0.519495
4 0.195596 0.479276 0.391192 0.434867
2 0.079913 0.377891 0.159826 0.351289
1 0.087621 0.740850 0.175241 0.518299
