2 0.625563 0.633370 0.748874 0.583468
1 0.669941 0.729370 0.660118 0.541260
7 0.601442 0.727253 0.797117 0.545495
4 0.618124 0.196499 0.763752 0.209405
4 0.600699 0.581933 0.798602 0.539847
5 0.578561 0.246028 0.842879 0.255090
3 0.405555 0.422570 0.717578 0.406631
4 0.539834 0.321391 0.843307 0.321094
11 0.285080 0.263209 0.570160 0.266516
8 0.170533 0.360841 0.341067 0.350081
7 0.075269 0.178119 0.150538 0.185428
10 0.406891 0.323118 0.705464 0.320824
10 0.292501 0.082026 0.585002 0.094820
10 0.169511 0.695300 0.339022 0.605688
