2 0.179253 0.609299 0.358506 0.655660
1 0.083701 0.706244 0.167403 0.587512
7 0.261177 0.696799 0.522354 0.606403
4 0.207146 0.184603 0.414292 0.338082
4 0.277470 0.558437 0.554939 0.630312
5 0.297349 0.232878 0.594698 0.386104
3 0.491192 0.402617 0.935021 0.534655
4 0.400028 0.303918 0.800056 0.451518
11 0.534790 0.247844 0.930421 0.418957
8 0.579207 0.345219 0.841586 0.505411
7 0.612056 0.170099 0.775888 0.340198
10 0.514839 0.306312 0.945903 0.460074
10 0.536985 0.098762 0.926029 0.197525
10 0.604116 0.653953 0.791767 0.692093
