2 0.095253 0.183889 0.190505 0.313861
0 0.293201 0.035857 0.586402 0.071715
0 0.543517 0.535422 0.912965 0.576462
3 0.299028 0.276016 0.598055 0.385829
3 0.485493 0.707450 0.899719 0.585100
1 0.386154 0.416593 0.772308 0.493819
4 0.178841 0.714401 0.357681 0.571197
4 0.206121 0.308260 0.412242 0.412627
4 0.429733 0.086346 0.859467 0.172691
4 0.501578 0.092881 0.996844 0.185762
4 0.288563 0.554632 0.577127 0.593492
4 0.362126 0.673903 0.724251 0.652194
8 0.605285 0.330851 0.789429 0.421663
9 0.600992 0.709398 0.798017 0.581204
11 0.525333 0.014991 0.949333 0.029982
6 0.539597 0.392819 0.920806 0.472829
6 0.598868 0.038747 0.802264 0.077494
10 0.568592 0.081648 0.862816 0.163296
10 0.583540 0.304822 0.832919 0.402070
10 0.583583 0.435490 0.832833 0.503069
10 0.595778 0.674648 0.808444 0.650704
