5 0.075778 0.256857 0.151556 0.345523
2 0.073994 0.343202 0.147988 0.414124
0 0.104287 0.145667 0.208575 0.251026
0 0.089569 0.544361 0.179139 0.558861
3 0.097470 0.040707 0.194939 0.081413
3 0.086061 0.679285 0.172121 0.641430
1 0.092546 0.724335 0.185092 0.551329
4 0.207095 0.076385 0.414190 0.152771
4 0.200987 0.200776 0.401973 0.296969
4 0.199703 0.321270 0.399406 0.394362
4 0.195096 0.447039 0.390193 0.488732
4 0.192838 0.578352 0.385677 0.579142
4 0.190122 0.685137 0.380244 0.629726
4 0.186465 0.726322 0.372930 0.547355
11 0.597929 0.235112 0.804143 0.319963
8 0.605899 0.339989 0.788203 0.401272
6 0.601272 0.140214 0.797457 0.241135
6 0.629273 0.537851 0.741454 0.543274
9 0.582044 0.041393 0.835913 0.082786
9 0.625334 0.663514 0.749332 0.624380
7 0.643281 0.728509 0.713437 0.542982
10 0.562145 0.078396 0.875709 0.156792
10 0.570899 0.201496 0.858203 0.292950
10 0.576372 0.326067 0.847256 0.391667
10 0.581779 0.458448 0.836441 0.489482
10 0.593932 0.582014 0.812137 0.574154
10 0.598035 0.686795 0.803930 0.626410
10 0.606053 0.730750 0.787893 0.538501
