2 0.094391 0.176341 0.188781 0.295495
0 0.404051 0.123663 0.808101 0.247327
4 0.514406 0.079069 0.971188 0.158138
4 0.208021 0.309388 0.416042 0.408631
4 0.293536 0.557641 0.587072 0.599055
4 0.357167 0.671631 0.714334 0.656738
3 0.501894 0.657259 0.889062 0.670131
3 0.600982 0.637825 0.798037 0.661008
11 0.534882 0.008214 0.930236 0.016428
8 0.610699 0.200716 0.778601 0.316632
9 0.605836 0.703122 0.788327 0.593755
6 0.492539 0.406538 0.921615 0.488650
10 0.551885 0.289388 0.896230 0.393501
10 0.576766 0.073063 0.846469 0.146127
10 0.594069 0.304556 0.811863 0.406600
10 0.561096 0.573620 0.877808 0.614420
