2 0.090264 0.225825 0.180527 0.285136
0 0.405043 0.176361 0.810087 0.241865
4 0.512346 0.123367 0.975309 0.193140
4 0.202002 0.354899 0.404003 0.394167
4 0.290120 0.583605 0.580241 0.567289
4 0.368533 0.690263 0.737066 0.619474
3 0.513608 0.677585 0.920938 0.633568
3 0.596483 0.659745 0.807035 0.625995
11 0.531483 0.041722 0.937033 0.083443
7 0.592962 0.000990 0.814075 0.001980
8 0.608098 0.247139 0.783805 0.306624
9 0.603482 0.720140 0.793035 0.559719
6 0.498136 0.444090 0.941600 0.467605
10 0.549873 0.335821 0.900254 0.381524
10 0.576168 0.112120 0.847664 0.182544
10 0.590383 0.346733 0.819235 0.391282
10 0.558023 0.600649 0.883953 0.583567
