3 0.190130 0.666286 0.380259 0.616489
1 0.083627 0.722195 0.167253 0.555610
2 0.088393 0.327547 0.176787 0.369604
5 0.306208 0.236953 0.612415 0.291136
9 0.317645 0.031579 0.635289 0.063159
9 0.514001 0.407856 0.942647 0.427293
4 0.213030 0.198782 0.426060 0.258119
4 0.226733 0.066575 0.453466 0.133149
4 0.196286 0.437652 0.392573 0.453875
4 0.194330 0.561157 0.388661 0.544644
4 0.262611 0.729496 0.525221 0.541007
4 0.405268 0.297960 0.810535 0.340276
8 0.620293 0.331640 0.759413 0.364626
7 0.608406 0.000821 0.783188 0.001642
7 0.607410 0.726785 0.785181 0.546430
6 0.637116 0.523981 0.725768 0.508225
11 0.614911 0.225850 0.770179 0.277790
9 0.542440 0.125701 0.915120 0.191794
9 0.637339 0.649595 0.725321 0.593021
10 0.527050 0.307374 0.945901 0.346967
10 0.587485 0.194731 0.825030 0.250988
10 0.596796 0.456806 0.806408 0.461150
10 0.604102 0.576395 0.791796 0.546092
10 0.608287 0.683366 0.783426 0.616198
10 0.518234 0.727869 0.869369 0.544263
