3 0.623359 0.672366 0.753282 0.649280
1 0.670162 0.715796 0.659676 0.568408
2 0.646817 0.332585 0.706366 0.388729
5 0.578654 0.241561 0.842692 0.307298
9 0.576941 0.035442 0.846118 0.070885
9 0.399253 0.409670 0.712755 0.447811
4 0.618728 0.204537 0.762543 0.274429
4 0.612697 0.071141 0.774606 0.142283
4 0.628364 0.440896 0.743273 0.476102
4 0.629741 0.568277 0.740518 0.574321
4 0.602494 0.723091 0.795012 0.553819
4 0.537133 0.300334 0.844452 0.357285
8 0.070260 0.329899 0.140521 0.379580
7 0.163347 0.719986 0.326693 0.560027
6 0.064123 0.523495 0.128246 0.532410
11 0.081248 0.222634 0.162495 0.287227
9 0.290244 0.123226 0.580488 0.198081
9 0.076871 0.650913 0.153743 0.624019
10 0.406570 0.309795 0.706420 0.364456
10 0.189837 0.193072 0.379673 0.261080
10 0.180272 0.457387 0.360544 0.483201
10 0.173018 0.578038 0.346035 0.573942
10 0.170565 0.680891 0.341130 0.638218
10 0.411313 0.721344 0.669579 0.557312
