1 0.661927 0.716803 0.676146 0.566394
2 0.645679 0.490178 0.708642 0.518489
3 0.386313 0.410389 0.739955 0.448184
8 0.173428 0.339239 0.346856 0.387171
11 0.283395 0.231429 0.566790 0.295973
5 0.565918 0.238392 0.868164 0.304921
4 0.601726 0.060960 0.796548 0.121919
4 0.607613 0.188064 0.784773 0.260370
4 0.620290 0.447762 0.759420 0.482744
4 0.588047 0.564444 0.823907 0.570397
4 0.522633 0.293451 0.874935 0.351979
9 0.506788 0.023317 0.916245 0.046634
9 0.083702 0.648206 0.167404 0.618519
7 0.171243 0.720496 0.342485 0.559007
6 0.376972 0.654062 0.692557 0.629344
10 0.391886 0.312546 0.736751 0.367192
10 0.198784 0.176167 0.397569 0.245751
10 0.177127 0.680992 0.354254 0.638017
10 0.399157 0.724028 0.678131 0.551945
