1 0.641315 0.700390 0.717370 0.599220
2 0.586347 0.604860 0.827306 0.627561
5 0.524185 0.263793 0.868569 0.306447
4 0.583372 0.219445 0.833256 0.271869
4 0.573006 0.557812 0.853987 0.577564
4 0.436227 0.314819 0.753659 0.347081
3 0.331807 0.412448 0.663613 0.430387
11 0.248884 0.255286 0.497767 0.276784
8 0.161923 0.333140 0.323845 0.341337
10 0.325846 0.316242 0.651691 0.340916
10 0.249201 0.108724 0.498403 0.136283
10 0.159127 0.007564 0.318254 0.015128
10 0.178953 0.672225 0.357906 0.644069
7 0.074060 0.182530 0.148120 0.191455
7 0.575311 0.697990 0.849378 0.604019
