2 0.070895 0.173051 0.141791 0.275508
0 0.273282 0.034144 0.546563 0.068288
1 0.365449 0.160968 0.730898 0.259503
3 0.480922 0.159701 0.849524 0.256764
4 0.517036 0.088847 0.884949 0.177694
4 0.186576 0.305020 0.373152 0.382010
4 0.279307 0.548948 0.558613 0.564553
4 0.168018 0.718087 0.336037 0.563826
4 0.351645 0.676351 0.651328 0.647299
3 0.472325 0.708473 0.750263 0.583053
8 0.630960 0.332072 0.738080 0.395575
9 0.622370 0.712343 0.755261 0.575313
11 0.553670 0.006741 0.892660 0.013483
6 0.628612 0.035553 0.742775 0.071105
6 0.571344 0.395752 0.857313 0.446774
10 0.380126 0.058338 0.760252 0.116676
10 0.595251 0.068967 0.809497 0.137935
10 0.614090 0.302372 0.771821 0.371317
10 0.612942 0.427246 0.774116 0.467836
10 0.579515 0.564873 0.840970 0.568348
