5 0.058268 0.218554 0.116537 0.271594
2 0.061007 0.300226 0.122014 0.348492
1 0.071986 0.697885 0.143971 0.604229
0 0.085628 0.121477 0.171256 0.176908
0 0.193442 0.653820 0.386883 0.662586
4 0.178614 0.403334 0.357228 0.440069
4 0.180284 0.533601 0.360568 0.557125
4 0.279088 0.707772 0.558177 0.584457
4 0.288874 0.665058 0.577747 0.669861
4 0.178095 0.176642 0.356190 0.228870
4 0.179445 0.060740 0.358890 0.117335
3 0.258606 0.022795 0.517213 0.045591
3 0.258449 0.480504 0.516898 0.509514
4 0.379154 0.271288 0.684959 0.316620
11 0.632061 0.199530 0.735878 0.248251
8 0.637816 0.295168 0.724368 0.336826
6 0.657395 0.494787 0.685210 0.514594
6 0.632176 0.120274 0.735649 0.173219
9 0.560990 0.102559 0.878020 0.157703
9 0.653728 0.618496 0.692545 0.622298
10 0.529072 0.707256 0.796587 0.585488
10 0.626228 0.667702 0.747545 0.664595
10 0.619728 0.548078 0.760544 0.562875
10 0.611164 0.417196 0.777671 0.447546
10 0.603564 0.287014 0.792871 0.329758
10 0.601216 0.176152 0.797568 0.226392
10 0.594497 0.061174 0.811005 0.117286
10 0.599332 0.008066 0.801336 0.016132
7 0.621069 0.012024 0.757861 0.024048
7 0.632284 0.704456 0.735431 0.591087
