5 0.083708 0.276963 0.167415 0.270599
2 0.089006 0.350264 0.178011 0.340045
1 0.099040 0.714137 0.198081 0.571726
1 0.102872 0.015952 0.205743 0.015932
0 0.109260 0.186975 0.218521 0.184089
0 0.214218 0.669140 0.428436 0.631201
4 0.193844 0.019135 0.387688 0.019105
4 0.201461 0.235249 0.402922 0.230667
4 0.200802 0.128800 0.401604 0.127435
4 0.203340 0.569678 0.406680 0.542325
4 0.202227 0.441938 0.404454 0.425589
4 0.298926 0.719941 0.597853 0.560117
4 0.310956 0.681936 0.621912 0.636127
4 0.381795 0.324049 0.763589 0.315314
3 0.280475 0.091571 0.560950 0.090882
3 0.478528 0.407838 0.900013 0.393940
11 0.599051 0.253186 0.801899 0.247874
8 0.606219 0.347361 0.787562 0.337312
6 0.600077 0.180896 0.799846 0.178195
6 0.626699 0.534047 0.746602 0.510055
9 0.536560 0.174805 0.926880 0.172284
9 0.622348 0.655865 0.755303 0.619442
7 0.603661 0.716315 0.792678 0.567369
7 0.589320 0.006389 0.821359 0.006386
10 0.565648 0.019135 0.868704 0.019105
10 0.568926 0.125712 0.862149 0.124412
10 0.576896 0.235249 0.846207 0.230667
10 0.579187 0.335724 0.841626 0.326343
10 0.584351 0.456050 0.831298 0.438627
10 0.593791 0.572404 0.812418 0.544785
10 0.598918 0.681936 0.802164 0.636127
10 0.530066 0.717766 0.908228 0.564467
