5 0.648480 0.255006 0.703040 0.315454
2 0.647548 0.343898 0.704904 0.392132
1 0.667318 0.719234 0.665364 0.561531
0 0.649438 0.148469 0.701123 0.218662
0 0.626297 0.680814 0.747407 0.638373
4 0.631734 0.447139 0.736532 0.474668
4 0.633971 0.574988 0.732058 0.571424
4 0.609719 0.728960 0.780562 0.542080
4 0.598842 0.683935 0.802316 0.632130
4 0.621321 0.207274 0.757358 0.271843
4 0.617810 0.077849 0.764380 0.151542
3 0.579787 0.031369 0.840426 0.062738
3 0.595317 0.525269 0.809367 0.533480
4 0.549308 0.313199 0.869490 0.362709
11 0.086575 0.230360 0.173150 0.287972
8 0.073426 0.334224 0.146852 0.376264
6 0.071685 0.531972 0.143370 0.530128
6 0.090585 0.144088 0.181171 0.210793
9 0.303959 0.122789 0.607918 0.192280
9 0.081807 0.649056 0.163614 0.612391
10 0.427100 0.727366 0.700935 0.545268
10 0.175271 0.686027 0.350542 0.627946
10 0.175845 0.583482 0.351690 0.569016
10 0.188588 0.459712 0.377176 0.477793
10 0.191393 0.329344 0.382785 0.373437
10 0.195155 0.206687 0.390310 0.267876
10 0.200040 0.076089 0.400080 0.148057
7 0.165977 0.724131 0.331954 0.551739
