5 0.072364 0.257275 0.144728 0.322557
2 0.073424 0.341735 0.146849 0.392455
1 0.080395 0.533912 0.160790 0.538269
1 0.095704 0.152942 0.191407 0.231329
3 0.095305 0.045750 0.190610 0.091500
3 0.081781 0.673432 0.163562 0.633064
6 0.086508 0.722177 0.173015 0.555646
4 0.201201 0.073916 0.402402 0.147833
4 0.196476 0.199102 0.392952 0.271319
4 0.194871 0.317211 0.389741 0.371097
4 0.191079 0.444180 0.382158 0.471130
4 0.189148 0.573862 0.378297 0.565145
4 0.184946 0.684214 0.369892 0.631573
4 0.182619 0.727549 0.365237 0.544902
11 0.604284 0.226160 0.791432 0.292897
8 0.609528 0.331263 0.780944 0.379894
7 0.606028 0.135344 0.787944 0.213456
7 0.632608 0.533743 0.734783 0.532082
9 0.592434 0.035151 0.815133 0.070302
9 0.631824 0.656247 0.736352 0.614699
12 0.646013 0.727123 0.707975 0.545754
10 0.567840 0.069115 0.864320 0.138230
10 0.574633 0.196073 0.850735 0.267005
10 0.581340 0.320156 0.837321 0.371020
10 0.589003 0.454842 0.821994 0.475690
10 0.597421 0.579756 0.805158 0.564813
10 0.603133 0.684419 0.793735 0.631161
10 0.607427 0.726770 0.785146 0.546460
