5 0.651332 0.337976 0.697336 0.380854
2 0.652555 0.428610 0.694891 0.453914
1 0.671844 0.632527 0.656311 0.604766
1 0.650848 0.226534 0.698304 0.284376
3 0.643383 0.101653 0.713234 0.171624
3 0.671861 0.714377 0.656277 0.571247
6 0.679641 0.761098 0.640717 0.477803
6 0.646077 0.016696 0.707846 0.033392
4 0.616998 0.014257 0.766005 0.028514
4 0.622269 0.142770 0.755463 0.200815
4 0.627403 0.279629 0.745194 0.322245
4 0.632285 0.401628 0.735430 0.423455
4 0.634595 0.536290 0.730810 0.527620
4 0.637919 0.670653 0.724161 0.623004
4 0.648195 0.721651 0.703610 0.556698
4 0.651410 0.767898 0.697180 0.464204
11 0.075883 0.306225 0.151766 0.298270
8 0.065790 0.420135 0.131580 0.393020
7 0.080447 0.210677 0.160894 0.214097
7 0.068105 0.631705 0.136210 0.555076
9 0.094499 0.083073 0.188999 0.096866
9 0.081889 0.720693 0.163778 0.558613
12 0.067453 0.776469 0.134906 0.447062
12 0.094023 0.007085 0.188046 0.014169
10 0.190720 0.133577 0.381441 0.152435
10 0.193205 0.005921 0.386410 0.011843
10 0.189763 0.275446 0.379526 0.280522
10 0.183794 0.405193 0.367588 0.389911
10 0.184688 0.549041 0.369376 0.503028
10 0.175087 0.685455 0.350174 0.600719
10 0.174698 0.729591 0.349396 0.540818
10 0.163764 0.774671 0.327528 0.450658
