7 0.489103 0.459465 0.892641 0.420510
12 0.489712 0.354546 0.918009 0.334069
11 0.536878 0.052157 0.926245 0.053153
9 0.468321 0.685013 0.841957 0.585401
10 0.569671 0.608128 0.860659 0.534663
10 0.583758 0.149991 0.832484 0.149829
10 0.593507 0.368804 0.812986 0.348992
8 0.617227 0.264814 0.765545 0.258657
6 0.576139 0.026234 0.847722 0.026970
3 0.604433 0.670508 0.791133 0.581825
2 0.079930 0.253189 0.159859 0.241203
4 0.297209 0.376935 0.594419 0.350382
4 0.517635 0.591278 0.881018 0.520774
4 0.353668 0.708394 0.696659 0.583211
