8 0.611497 0.340155 0.777006 0.452621
7 0.600133 0.034469 0.799734 0.068937
7 0.635419 0.663173 0.729162 0.673653
9 0.630329 0.548986 0.739343 0.609402
9 0.545365 0.278634 0.909270 0.401249
11 0.523105 0.013417 0.953790 0.026834
10 0.513046 0.184349 0.973907 0.320851
10 0.572746 0.078169 0.854509 0.156338
10 0.586317 0.312946 0.827367 0.429762
10 0.588842 0.441981 0.822315 0.530931
10 0.604281 0.669369 0.791437 0.661262
5 0.376636 0.366236 0.753271 0.471053
1 0.550007 0.539942 0.899987 0.600295
3 0.296536 0.281260 0.593071 0.402930
3 0.263478 0.650560 0.526955 0.667848
2 0.083498 0.176020 0.166996 0.314845
6 0.092984 0.538660 0.185967 0.592881
4 0.182130 0.714060 0.364259 0.571879
4 0.205026 0.317909 0.410052 0.432031
4 0.318450 0.084605 0.636900 0.169211
4 0.390597 0.202456 0.781193 0.336712
4 0.293140 0.550213 0.586279 0.603482
4 0.353671 0.671112 0.707342 0.657776
