6 0.083778 0.747084 0.167556 0.505831
6 0.123092 0.007621 0.246184 0.007741
5 0.186054 0.428091 0.372109 0.392597
2 0.093639 0.263204 0.187278 0.251266
3 0.087354 0.596699 0.174709 0.517619
3 0.291175 0.361703 0.582350 0.339710
1 0.119296 0.095864 0.238593 0.095402
1 0.393992 0.348386 0.787984 0.329907
4 0.179918 0.748441 0.359836 0.503119
4 0.210961 0.382931 0.421923 0.355824
4 0.327765 0.153395 0.655530 0.152007
4 0.414766 0.026114 0.829532 0.026744
4 0.403880 0.280358 0.807760 0.270266
4 0.378010 0.504646 0.756019 0.457388
4 0.304077 0.608147 0.608153 0.532453
4 0.362155 0.708293 0.724310 0.583413
8 0.620022 0.405436 0.759955 0.385996
9 0.549851 0.351067 0.900297 0.335448
9 0.631344 0.595339 0.737312 0.536993
12 0.572063 0.735449 0.855873 0.529102
12 0.605500 0.029292 0.789001 0.030478
7 0.612884 0.103130 0.774232 0.105637
7 0.648210 0.698714 0.703581 0.602572
11 0.568071 0.183690 0.863859 0.183864
10 0.585265 0.150765 0.829471 0.151984
10 0.596546 0.379831 0.806908 0.361866
10 0.514212 0.022298 0.971575 0.022973
10 0.524682 0.254534 0.950636 0.248322
10 0.599785 0.495139 0.800430 0.457116
10 0.612428 0.705580 0.775143 0.588840
10 0.502908 0.743767 0.840126 0.512467
10 0.526320 0.621247 0.903535 0.547231
