6 0.653651 0.710240 0.692697 0.579520
6 0.613194 0.012681 0.773612 0.025362
5 0.607340 0.372904 0.785320 0.380895
2 0.615721 0.224274 0.768557 0.243092
3 0.640382 0.549151 0.719236 0.549672
3 0.510339 0.308538 0.706423 0.317249
1 0.615938 0.085997 0.768123 0.109745
1 0.413761 0.293793 0.596356 0.300586
4 0.630761 0.713927 0.738478 0.572146
4 0.608709 0.328563 0.782581 0.338616
4 0.475463 0.127199 0.660492 0.143140
4 0.385810 0.021258 0.572963 0.037205
4 0.406056 0.233088 0.583038 0.242615
4 0.439572 0.449810 0.610807 0.448467
4 0.520559 0.559272 0.689420 0.552646
4 0.458957 0.677454 0.630240 0.645091
8 0.043581 0.344672 0.087162 0.337747
9 0.211818 0.293227 0.404095 0.294649
9 0.056954 0.539291 0.113909 0.521283
12 0.236011 0.706708 0.426508 0.586584
12 0.056443 0.010866 0.112886 0.014424
7 0.047524 0.074254 0.095048 0.076562
7 0.052094 0.666220 0.104189 0.637909
11 0.128262 0.143222 0.256525 0.147419
10 0.130061 0.116054 0.260121 0.120933
10 0.131414 0.320281 0.262828 0.317642
10 0.274272 0.014776 0.459191 0.027062
10 0.287483 0.210524 0.469361 0.217650
10 0.136244 0.436016 0.272488 0.427409
10 0.139868 0.678978 0.279735 0.642045
10 0.357404 0.713555 0.528225 0.572890
10 0.324187 0.571681 0.499465 0.559144
