3 0.310273 0.128753 0.620547 0.126378
3 0.494979 0.476013 0.961775 0.424631
1 0.200587 0.711285 0.401173 0.577429
1 0.106435 0.253061 0.212871 0.238901
2 0.082855 0.408153 0.165709 0.367828
6 0.093107 0.748230 0.186214 0.503540
6 0.315104 0.021038 0.630209 0.021219
5 0.299714 0.334637 0.599428 0.310174
4 0.220445 0.170329 0.440889 0.164957
4 0.212081 0.292924 0.424161 0.274099
4 0.198002 0.623808 0.396003 0.524912
4 0.199176 0.507110 0.398351 0.444015
4 0.289099 0.714874 0.578198 0.570252
4 0.268543 0.754469 0.537086 0.491061
4 0.407900 0.045707 0.815799 0.045913
4 0.404856 0.392604 0.809711 0.358559
7 0.515398 0.016742 0.969204 0.017021
8 0.604816 0.412821 0.790367 0.378953
7 0.628458 0.585317 0.743084 0.508265
11 0.595374 0.314896 0.809253 0.297462
12 0.600131 0.747911 0.799739 0.504178
12 0.583142 0.024913 0.833716 0.025393
9 0.625094 0.691924 0.749811 0.578626
9 0.529197 0.229409 0.941606 0.220723
10 0.508549 0.388749 0.982901 0.356376
10 0.500000 0.158087 1.000000 0.154744
10 0.560029 0.024960 0.879942 0.025378
10 0.571793 0.286267 0.856414 0.271743
10 0.585887 0.519954 0.828227 0.459690
10 0.594284 0.633227 0.811433 0.538864
10 0.598636 0.713105 0.802728 0.573790
10 0.496507 0.751112 0.858120 0.497776
