3 0.562580 0.046330 0.874839 0.092661
3 0.364729 0.405865 0.671730 0.439933
1 0.615615 0.678406 0.768770 0.643188
1 0.632934 0.160330 0.734131 0.252867
2 0.633602 0.333807 0.732795 0.396897
6 0.657894 0.717821 0.684212 0.564359
5 0.567967 0.249493 0.864065 0.320515
4 0.599321 0.077767 0.801358 0.155533
4 0.605223 0.205702 0.789554 0.287480
4 0.619655 0.575119 0.760690 0.575275
4 0.618127 0.443556 0.763747 0.479177
4 0.589079 0.684186 0.821841 0.631628
4 0.602425 0.727604 0.795150 0.544793
4 0.495537 0.314998 0.797648 0.370635
8 0.060933 0.339785 0.121866 0.376565
7 0.062206 0.531521 0.124412 0.524574
11 0.072363 0.232915 0.144726 0.287705
12 0.159947 0.724885 0.319895 0.550229
9 0.075926 0.651280 0.151852 0.608396
9 0.267749 0.135832 0.535498 0.210878
10 0.365938 0.312982 0.671496 0.365624
10 0.352517 0.067480 0.693895 0.134960
10 0.177566 0.195806 0.355132 0.259944
10 0.172696 0.459031 0.345393 0.474814
10 0.166830 0.586139 0.333660 0.567354
10 0.167190 0.685523 0.334380 0.628953
10 0.372479 0.725829 0.614527 0.548341
