8 0.611573 0.320654 0.776854 0.421211
7 0.611736 0.029508 0.776528 0.059016
7 0.548832 0.400617 0.902337 0.484606
9 0.605454 0.701608 0.789091 0.596784
10 0.582931 0.063790 0.834138 0.127580
10 0.594233 0.312168 0.811535 0.413198
10 0.596773 0.430328 0.806454 0.508800
10 0.560526 0.579036 0.878948 0.617183
2 0.086350 0.179020 0.172700 0.298325
3 0.507534 0.704378 0.889449 0.591245
1 0.292712 0.038672 0.585423 0.077344
3 0.491066 0.152328 0.969566 0.273707
6 0.411439 0.047233 0.822878 0.094465
4 0.520996 0.086257 0.958008 0.172514
4 0.169721 0.715969 0.339442 0.568062
4 0.200817 0.317437 0.401635 0.415176
4 0.293040 0.558994 0.586080 0.598683
4 0.365460 0.673360 0.730920 0.653279
