8 0.070163 0.319331 0.140326 0.409118
11 0.286238 0.007842 0.572477 0.015685
7 0.082796 0.035964 0.165591 0.071929
7 0.293866 0.394919 0.587732 0.482102
9 0.147328 0.706118 0.294657 0.587764
10 0.194558 0.069036 0.389117 0.138071
10 0.177291 0.307009 0.354583 0.407070
10 0.175736 0.426673 0.351471 0.498545
10 0.289738 0.576255 0.579475 0.610054
2 0.633245 0.171948 0.733510 0.343896
3 0.401265 0.705230 0.708976 0.589540
1 0.583503 0.049084 0.832994 0.098168
3 0.419174 0.148636 0.781341 0.294901
6 0.529446 0.055875 0.907964 0.111751
4 0.395783 0.092662 0.737236 0.185324
4 0.639247 0.710187 0.721505 0.579626
4 0.621318 0.306837 0.757365 0.441790
4 0.591959 0.554164 0.816082 0.613102
4 0.568249 0.670433 0.863503 0.659134
