6 0.083802 0.704803 0.167603 0.590395
2 0.082175 0.469798 0.164350 0.521866
5 0.302547 0.234263 0.605093 0.329411
4 0.214530 0.182722 0.429061 0.284660
4 0.198675 0.428312 0.397349 0.485977
4 0.279402 0.555307 0.558804 0.578025
4 0.397242 0.301653 0.794483 0.383452
3 0.498865 0.402004 0.918536 0.463093
9 0.415232 0.045278 0.830465 0.090555
7 0.506870 0.646389 0.868954 0.636704
8 0.581829 0.336094 0.836341 0.410348
11 0.549083 0.237161 0.901834 0.329345
9 0.560516 0.522115 0.878968 0.550635
12 0.610433 0.000336 0.779134 0.000673
10 0.585695 0.183513 0.828610 0.282297
10 0.522807 0.303748 0.927635 0.383835
10 0.501857 0.718969 0.839277 0.562062
10 0.608363 0.678416 0.783273 0.643168
12 0.603773 0.718269 0.792453 0.563463
