1 0.648994 0.054101 0.702012 0.108202
1 0.565168 0.265690 0.867195 0.394943
5 0.635714 0.350567 0.728572 0.482154
3 0.646262 0.175986 0.707475 0.351971
6 0.668744 0.695419 0.662512 0.609162
3 0.661728 0.527300 0.676545 0.618035
4 0.631399 0.301977 0.737201 0.442278
3 0.591718 0.283996 0.816564 0.419200
4 0.587511 0.091377 0.824979 0.182754
4 0.556547 0.196814 0.856499 0.337379
4 0.568214 0.435676 0.858859 0.526241
4 0.647296 0.701512 0.705409 0.596976
4 0.600559 0.548666 0.798882 0.612424
4 0.577247 0.666003 0.845506 0.667995
9 0.288494 0.271441 0.576987 0.379948
12 0.281431 0.703880 0.548022 0.592240
7 0.088382 0.037046 0.176764 0.074092
7 0.066363 0.662373 0.132726 0.649737
8 0.072165 0.339967 0.144329 0.415083
10 0.398142 0.175127 0.693212 0.307118
11 0.191754 0.100751 0.383509 0.201501
10 0.193959 0.076568 0.387919 0.153136
10 0.180568 0.310518 0.361136 0.401688
10 0.180596 0.426944 0.361191 0.493053
10 0.171476 0.674529 0.342952 0.650942
10 0.419051 0.554766 0.681493 0.601411
10 0.436366 0.710730 0.692240 0.578540
