6 0.650395 0.716493 0.699210 0.567014
2 0.622059 0.321223 0.755882 0.400120
5 0.559986 0.239193 0.880028 0.323016
4 0.600340 0.069698 0.799321 0.139396
4 0.607547 0.190760 0.784907 0.288341
4 0.614660 0.440411 0.770679 0.489138
4 0.621208 0.571648 0.757584 0.584747
4 0.531915 0.302307 0.904002 0.369296
3 0.565687 0.038081 0.868626 0.076163
3 0.403096 0.407940 0.780237 0.450209
7 0.177778 0.724397 0.355555 0.551206
7 0.066341 0.532827 0.132682 0.530045
8 0.070010 0.331757 0.140020 0.374816
11 0.291253 0.255087 0.582506 0.321703
9 0.301855 0.122465 0.603710 0.207856
9 0.079692 0.655020 0.159383 0.615361
10 0.405261 0.310572 0.762359 0.371798
10 0.204094 0.179670 0.408189 0.253118
10 0.181856 0.683197 0.363712 0.633606
10 0.412441 0.723247 0.747649 0.553506
