6 0.664620 0.713861 0.670761 0.572279
2 0.625260 0.327663 0.749479 0.402426
5 0.557882 0.249185 0.884236 0.329968
4 0.600207 0.069839 0.799586 0.139678
4 0.609875 0.196121 0.780250 0.290224
4 0.616396 0.441072 0.767207 0.483789
4 0.623777 0.565883 0.752446 0.570500
4 0.527533 0.309765 0.890638 0.375073
3 0.564744 0.039992 0.870512 0.079984
3 0.388558 0.415277 0.759320 0.453202
7 0.175886 0.727008 0.351772 0.545985
7 0.073727 0.538592 0.147453 0.530388
8 0.071791 0.340911 0.143582 0.383002
11 0.283404 0.265470 0.566808 0.331015
9 0.298494 0.128932 0.596987 0.213866
9 0.089870 0.661145 0.179739 0.611978
10 0.394015 0.318287 0.749234 0.377883
10 0.203120 0.187806 0.406240 0.261359
10 0.180595 0.685846 0.361190 0.628308
10 0.391811 0.724934 0.687831 0.550133
