2 0.091284 0.285063 0.182567 0.267725
6 0.090415 0.589435 0.180830 0.505984
6 0.112735 0.022861 0.225470 0.022933
3 0.291879 0.368951 0.583759 0.340408
3 0.254006 0.700841 0.508011 0.583213
4 0.172178 0.750149 0.344357 0.499701
5 0.381376 0.453049 0.762751 0.409118
4 0.314506 0.171574 0.629012 0.166842
4 0.197347 0.400723 0.394695 0.365311
4 0.284891 0.609425 0.569783 0.523046
4 0.364390 0.713553 0.701636 0.572893
4 0.393633 0.300936 0.787266 0.283554
1 0.216739 0.003829 0.433479 0.003867
1 0.562140 0.587032 0.875720 0.511527
11 0.541574 0.088091 0.916851 0.088055
8 0.617533 0.411573 0.764935 0.380423
9 0.616701 0.740350 0.766599 0.519301
12 0.612740 0.029896 0.774521 0.030419
7 0.617043 0.112126 0.765915 0.111934
7 0.646741 0.700290 0.706517 0.592220
9 0.552091 0.357932 0.895819 0.333823
10 0.519260 0.041198 0.961479 0.041545
10 0.528475 0.269792 0.943050 0.257093
10 0.584629 0.163397 0.830742 0.160676
10 0.600561 0.390468 0.798879 0.361818
10 0.601836 0.498424 0.796328 0.447635
10 0.615477 0.709566 0.769045 0.580869
