1 0.582086 0.037507 0.835828 0.075013
2 0.632436 0.180269 0.735128 0.275769
6 0.528307 0.169923 0.865900 0.263179
3 0.397308 0.168888 0.729327 0.261285
3 0.376756 0.707773 0.643253 0.584454
4 0.641997 0.712584 0.716006 0.574832
4 0.619298 0.316057 0.761405 0.394617
4 0.550008 0.676500 0.807166 0.647001
4 0.591159 0.552209 0.817682 0.580602
4 0.500978 0.071018 0.827535 0.142035
4 0.380011 0.078787 0.692790 0.157574
8 0.064268 0.335384 0.128536 0.401275
11 0.271885 0.001966 0.543770 0.003933
9 0.151330 0.709657 0.302659 0.580687
7 0.078110 0.027725 0.156221 0.055450
7 0.272330 0.402620 0.544660 0.459549
10 0.184845 0.069687 0.369689 0.139374
10 0.172375 0.310148 0.344750 0.381970
10 0.173316 0.431825 0.346633 0.480507
10 0.268625 0.575191 0.531522 0.590188
