1 0.586076 0.051469 0.827847 0.102938
2 0.633282 0.173740 0.733435 0.347479
6 0.548564 0.159479 0.902872 0.318959
3 0.429411 0.160097 0.791426 0.311878
3 0.420260 0.701508 0.741680 0.596985
4 0.627332 0.699448 0.745335 0.601104
4 0.618367 0.299546 0.763266 0.458256
4 0.572493 0.666387 0.855014 0.667227
4 0.591149 0.535619 0.817702 0.608177
4 0.538141 0.083061 0.888448 0.166123
4 0.413198 0.086813 0.752150 0.173627
8 0.070097 0.338063 0.140195 0.415561
11 0.296562 0.010784 0.593123 0.021567
9 0.163376 0.709556 0.326753 0.580889
7 0.089953 0.033713 0.179906 0.067427
7 0.306678 0.396636 0.613356 0.484566
10 0.202575 0.075918 0.405151 0.151835
10 0.188264 0.307680 0.376528 0.404813
10 0.189628 0.427141 0.379256 0.494578
10 0.302690 0.567247 0.605379 0.600306
