5 0.059309 0.256569 0.118618 0.336838
2 0.061064 0.339579 0.122127 0.404030
1 0.061181 0.538958 0.122362 0.549873
1 0.090581 0.150765 0.181161 0.245500
3 0.092486 0.055415 0.184971 0.110830
3 0.057325 0.680029 0.114651 0.639941
6 0.059110 0.722290 0.118221 0.555421
4 0.155026 0.727912 0.310053 0.544176
4 0.162852 0.684508 0.325705 0.630984
4 0.170992 0.578337 0.341983 0.574034
4 0.176625 0.450066 0.353250 0.484971
4 0.184968 0.323514 0.369935 0.388834
4 0.194265 0.197788 0.388530 0.285064
4 0.203503 0.081399 0.407006 0.162799
11 0.618166 0.231580 0.763669 0.310302
8 0.625897 0.336900 0.748207 0.394184
7 0.625849 0.147239 0.748301 0.238433
7 0.643728 0.532362 0.712545 0.534579
9 0.613433 0.041719 0.773134 0.083438
9 0.638674 0.654965 0.722651 0.613171
12 0.654698 0.726832 0.690604 0.546337
10 0.585132 0.076513 0.829737 0.153026
10 0.592168 0.201289 0.815664 0.284808
10 0.593786 0.321894 0.812427 0.382894
10 0.599454 0.458280 0.801093 0.484718
10 0.603746 0.578630 0.792509 0.566718
10 0.609727 0.685432 0.780547 0.629137
10 0.617497 0.730189 0.765005 0.539623
