5 0.632786 0.255878 0.734428 0.303957
2 0.633777 0.341797 0.732447 0.378151
1 0.651994 0.542917 0.696011 0.538187
1 0.633509 0.152793 0.732981 0.210394
3 0.622884 0.047120 0.754232 0.094240
3 0.651743 0.683249 0.696515 0.633503
6 0.658074 0.724768 0.683852 0.550463
4 0.632541 0.729369 0.734919 0.541263
4 0.626397 0.687298 0.747206 0.625404
4 0.623712 0.580653 0.752577 0.564381
4 0.616460 0.452335 0.767080 0.467240
4 0.609980 0.323930 0.780040 0.362006
4 0.609044 0.200888 0.781912 0.254008
4 0.601590 0.074155 0.796820 0.135769
11 0.086337 0.229184 0.172674 0.276076
8 0.073140 0.334347 0.146280 0.366074
7 0.088135 0.145577 0.176269 0.200862
7 0.072992 0.534451 0.145983 0.522929
9 0.103914 0.027841 0.207827 0.055681
9 0.083421 0.657968 0.166842 0.610119
12 0.070341 0.727394 0.140683 0.545212
10 0.192745 0.068916 0.385490 0.129516
10 0.188250 0.201404 0.376499 0.251970
10 0.181760 0.322449 0.363520 0.357018
10 0.183179 0.457946 0.366358 0.466556
10 0.169165 0.580606 0.338329 0.557840
10 0.171791 0.687736 0.343581 0.624528
10 0.162846 0.730188 0.325693 0.539625
