5 0.639748 0.257882 0.720504 0.312332
2 0.640721 0.340962 0.718558 0.384774
1 0.659793 0.543780 0.680414 0.547929
1 0.640497 0.150220 0.719007 0.213601
3 0.629374 0.045573 0.741252 0.091147
3 0.657688 0.681259 0.684624 0.637482
6 0.667838 0.722881 0.664325 0.554237
4 0.638429 0.728135 0.723141 0.543731
4 0.632856 0.685234 0.734289 0.629533
4 0.630121 0.583605 0.739757 0.575067
4 0.622510 0.451665 0.754980 0.474302
4 0.615806 0.325741 0.768387 0.370190
4 0.612869 0.198404 0.774263 0.257460
4 0.607088 0.074734 0.785825 0.141124
11 0.090334 0.231723 0.180669 0.282379
8 0.076492 0.336110 0.152984 0.371644
7 0.091146 0.144964 0.182293 0.204261
7 0.076226 0.534943 0.152452 0.527454
9 0.105904 0.031804 0.211809 0.063607
9 0.085606 0.657770 0.171212 0.614297
12 0.073475 0.726750 0.146950 0.546499
10 0.201782 0.068794 0.403564 0.133453
10 0.197008 0.200938 0.394016 0.255881
10 0.190145 0.321654 0.380289 0.360912
10 0.191585 0.456850 0.383169 0.470539
10 0.176867 0.581819 0.353734 0.563681
10 0.179578 0.686711 0.359156 0.626578
10 0.168793 0.728919 0.337586 0.542161
