6 0.660570 0.710428 0.678861 0.579144
2 0.632417 0.312683 0.735166 0.383181
5 0.565771 0.229056 0.868459 0.293055
4 0.614990 0.436119 0.770020 0.468240
4 0.604521 0.190843 0.790957 0.270175
4 0.602217 0.062754 0.795567 0.125509
4 0.536323 0.300471 0.877125 0.343403
4 0.590172 0.564355 0.819656 0.552812
3 0.383379 0.407244 0.746030 0.420140
7 0.392250 0.650602 0.713949 0.595693
11 0.287994 0.235208 0.575988 0.270614
9 0.518243 0.029288 0.914186 0.058575
9 0.083746 0.658794 0.167492 0.580044
8 0.070061 0.339325 0.140122 0.338282
12 0.169564 0.731153 0.339128 0.537694
10 0.177652 0.686653 0.355304 0.606048
10 0.400346 0.304523 0.745450 0.337987
10 0.200954 0.202457 0.401908 0.233533
10 0.406671 0.727213 0.699936 0.545575
