10 0.607477 0.084011 0.785047 0.168023
4 0.192109 0.313627 0.384218 0.404158
2 0.069810 0.164384 0.139621 0.284931
4 0.388652 0.202627 0.733665 0.310843
4 0.303326 0.081328 0.606652 0.162657
1 0.102810 0.041194 0.205619 0.082389
11 0.588829 0.111320 0.822341 0.222641
10 0.605115 0.286143 0.789770 0.373860
10 0.539028 0.175355 0.886373 0.286703
8 0.643530 0.352189 0.712941 0.422034
7 0.625838 0.050188 0.748324 0.100377
3 0.366991 0.294289 0.733982 0.385899
10 0.501076 0.572849 0.798711 0.589515
3 0.275347 0.267942 0.550694 0.366727
5 0.162082 0.385143 0.324165 0.461480
4 0.346575 0.676238 0.639337 0.647523
10 0.635050 0.680851 0.729901 0.638299
4 0.284119 0.554643 0.568238 0.580942
6 0.070096 0.711402 0.140191 0.577197
7 0.665745 0.667455 0.668510 0.644920
3 0.070149 0.546238 0.140298 0.581372
9 0.652696 0.537566 0.694608 0.559198
9 0.570155 0.266355 0.859691 0.360132
10 0.611296 0.409319 0.777408 0.467831
4 0.363646 0.450054 0.689715 0.504775
10 0.494652 0.717343 0.745901 0.565315
12 0.589939 0.713004 0.820123 0.573993
4 0.165305 0.716462 0.330611 0.567075
