10 0.591504 0.096371 0.816992 0.159415
4 0.187607 0.330037 0.375215 0.339447
2 0.082501 0.200264 0.165002 0.211127
4 0.354231 0.221763 0.644860 0.256709
10 0.580964 0.018678 0.838071 0.037357
4 0.270461 0.102094 0.540922 0.136501
1 0.104113 0.062304 0.208227 0.081816
11 0.576552 0.131542 0.846896 0.193480
10 0.592378 0.293976 0.815244 0.346572
4 0.181226 0.010852 0.362453 0.021704
10 0.473954 0.195777 0.762361 0.241629
8 0.625299 0.355527 0.749402 0.412815
7 0.605629 0.059089 0.788742 0.118178
3 0.347720 0.307109 0.653729 0.335246
12 0.601738 0.020380 0.796524 0.040761
10 0.468730 0.571730 0.732023 0.572109
3 0.256411 0.285834 0.512823 0.307367
5 0.164017 0.396964 0.328035 0.396472
4 0.349650 0.679541 0.612492 0.640918
10 0.621746 0.672368 0.756508 0.655265
6 0.114080 0.009361 0.228160 0.018722
4 0.279175 0.558668 0.558350 0.545242
6 0.093624 0.722006 0.187248 0.555989
7 0.647439 0.658304 0.705121 0.670622
3 0.089178 0.551837 0.178356 0.518433
9 0.633532 0.531244 0.732937 0.565097
9 0.548089 0.278256 0.843985 0.324701
10 0.598507 0.409683 0.802985 0.451079
4 0.351048 0.453649 0.632906 0.463573
10 0.482160 0.712777 0.716265 0.574446
12 0.575168 0.705433 0.804183 0.589135
4 0.180980 0.722824 0.361961 0.554351
