2 0.647243 0.263430 0.705515 0.275562
5 0.624595 0.422556 0.750810 0.404049
6 0.673860 0.735897 0.652280 0.528206
6 0.640751 0.014115 0.718498 0.028230
1 0.286012 0.572487 0.572025 0.506009
1 0.609351 0.011884 0.781299 0.023768
3 0.592502 0.350353 0.814995 0.342266
3 0.607354 0.697351 0.785291 0.599639
4 0.592285 0.593027 0.815429 0.527754
4 0.646775 0.740228 0.706451 0.519543
4 0.631436 0.376778 0.737128 0.366777
4 0.586443 0.158203 0.827114 0.173930
4 0.535906 0.027996 0.860945 0.047765
4 0.543334 0.271021 0.844691 0.271709
4 0.290119 0.497169 0.560026 0.450022
4 0.571342 0.703356 0.830548 0.593289
12 0.088733 0.014218 0.177466 0.019144
12 0.269500 0.734610 0.533282 0.530781
11 0.186049 0.174310 0.372098 0.175483
8 0.063441 0.396194 0.126882 0.363635
7 0.079466 0.094212 0.158931 0.096507
7 0.065785 0.693740 0.131571 0.584228
9 0.076692 0.581914 0.153384 0.506997
9 0.280185 0.340589 0.560370 0.324588
10 0.384402 0.248875 0.685584 0.248434
10 0.374718 0.019648 0.698028 0.034969
10 0.186133 0.145227 0.372265 0.148493
10 0.174626 0.367133 0.349252 0.343394
10 0.161868 0.706196 0.323736 0.587608
10 0.171827 0.475830 0.343654 0.430483
10 0.405554 0.606511 0.671246 0.532420
10 0.422369 0.741959 0.675171 0.516081
