2 0.663154 0.177905 0.673693 0.355809
3 0.609174 0.271675 0.781652 0.420878
3 0.398273 0.696270 0.591196 0.607460
6 0.547692 0.400590 0.775809 0.511777
4 0.664973 0.699212 0.670055 0.601575
4 0.646189 0.297985 0.707622 0.450406
4 0.619778 0.538320 0.760444 0.615236
4 0.565359 0.662497 0.758587 0.675006
4 0.551937 0.196805 0.791332 0.352298
4 0.520326 0.085293 0.768899 0.170587
1 0.609560 0.047475 0.780880 0.094951
1 0.271585 0.518821 0.491772 0.581534
11 0.268864 0.012791 0.533794 0.025582
9 0.140122 0.702425 0.280244 0.595150
9 0.271882 0.261452 0.507019 0.387744
7 0.285832 0.395812 0.503227 0.493321
7 0.065158 0.034182 0.130316 0.068365
8 0.055284 0.326753 0.110568 0.421967
10 0.177890 0.077467 0.355780 0.154933
10 0.162228 0.304545 0.324456 0.413693
10 0.160993 0.421596 0.321986 0.503934
10 0.152008 0.668520 0.304016 0.662960
