2 0.092277 0.181668 0.184553 0.310452
3 0.295656 0.280678 0.591311 0.386349
3 0.495974 0.707186 0.853271 0.585627
6 0.377637 0.410158 0.755275 0.483457
4 0.177201 0.713263 0.354402 0.573474
4 0.201481 0.308378 0.402961 0.409907
4 0.287817 0.547254 0.575633 0.580878
4 0.355732 0.674082 0.711464 0.651836
4 0.388103 0.205677 0.776206 0.324040
4 0.419154 0.080552 0.838309 0.161105
1 0.290893 0.040963 0.581786 0.081926
1 0.553975 0.526881 0.892050 0.560390
11 0.536106 0.016668 0.927787 0.033337
9 0.608754 0.710347 0.782493 0.579306
9 0.547156 0.271030 0.905688 0.374103
7 0.552594 0.405007 0.894811 0.475202
7 0.601366 0.043586 0.797268 0.087173
8 0.617407 0.332604 0.765186 0.418669
10 0.576869 0.084386 0.846263 0.168771
10 0.594332 0.313771 0.811336 0.404362
10 0.598026 0.428976 0.803947 0.489312
10 0.608857 0.676491 0.782286 0.647018
