1 0.175137 0.677472 0.350274 0.577873
2 0.065722 0.331977 0.131444 0.309299
5 0.279326 0.242916 0.558652 0.231370
6 0.065747 0.736895 0.131495 0.526209
6 0.289095 0.000000 0.578191 0.000000
4 0.196500 0.062752 0.393000 0.062107
4 0.187768 0.198309 0.375536 0.190641
4 0.172393 0.444558 0.344787 0.403279
4 0.173695 0.572821 0.347391 0.502721
4 0.246932 0.741517 0.493864 0.516967
4 0.379896 0.000000 0.759791 0.000000
4 0.384912 0.308832 0.740881 0.289910
3 0.288028 0.019887 0.576055 0.019869
3 0.508914 0.411182 0.864220 0.376927
11 0.557038 0.249226 0.885924 0.237514
12 0.621469 0.737188 0.757063 0.525623
12 0.619355 0.000000 0.761290 0.000000
8 0.634571 0.330409 0.730858 0.309545
7 0.651604 0.530255 0.696791 0.472857
9 0.559951 0.118963 0.880098 0.116650
9 0.646999 0.660135 0.706001 0.568525
10 0.520152 0.308635 0.875068 0.289941
10 0.592436 0.000000 0.815129 0.000000
10 0.598271 0.183695 0.803457 0.177731
10 0.607222 0.451881 0.785556 0.410672
10 0.615696 0.581553 0.768608 0.511172
10 0.619321 0.692280 0.761358 0.590306
10 0.511191 0.739361 0.800749 0.521277
