9 0.420256 0.034077 0.840511 0.068154
9 0.588657 0.685167 0.822686 0.629667
8 0.587413 0.287252 0.825173 0.364683
11 0.517898 0.008909 0.964204 0.017818
7 0.576978 0.025168 0.846044 0.050335
7 0.527135 0.346758 0.920369 0.417050
10 0.554259 0.059135 0.891482 0.118270
10 0.567576 0.258924 0.864849 0.340435
10 0.589137 0.626917 0.821726 0.644986
10 0.574138 0.377020 0.851725 0.441963
2 0.080961 0.149146 0.161922 0.246022
3 0.263427 0.233723 0.526854 0.320843
3 0.445660 0.682761 0.797999 0.634478
6 0.341851 0.362656 0.683701 0.432272
1 0.249688 0.027343 0.499376 0.054686
1 0.532106 0.481826 0.897953 0.530706
4 0.342195 0.173060 0.684389 0.265712
4 0.362118 0.063838 0.724236 0.127676
4 0.182046 0.273242 0.364092 0.356330
4 0.173884 0.688751 0.347767 0.622498
4 0.273226 0.489211 0.546451 0.538892
4 0.335357 0.622393 0.670713 0.644079
