1 0.578012 0.029460 0.843976 0.058920
2 0.630511 0.181995 0.738978 0.289226
3 0.160316 0.641072 0.320633 0.619182
3 0.268747 0.405083 0.537493 0.453227
4 0.640261 0.720666 0.719478 0.558669
4 0.619062 0.308960 0.761876 0.391765
4 0.593896 0.556877 0.812208 0.575940
4 0.549815 0.680186 0.829580 0.639628
6 0.520347 0.300295 0.850758 0.376479
4 0.380634 0.082337 0.721202 0.164675
8 0.067331 0.202431 0.134663 0.277875
9 0.154607 0.715385 0.309214 0.569230
7 0.078894 0.011984 0.157788 0.023968
10 0.189525 0.066814 0.379051 0.133628
10 0.174717 0.308113 0.349435 0.371825
10 0.177066 0.433578 0.354131 0.471658
10 0.272472 0.578516 0.544945 0.581033
