5 0.534238 0.426134 0.870686 0.423815
3 0.582109 0.347104 0.835781 0.369846
3 0.597909 0.684256 0.804182 0.606849
2 0.636383 0.270782 0.727235 0.325995
6 0.635112 0.030924 0.729776 0.061849
6 0.671339 0.730137 0.657321 0.539726
4 0.642745 0.733745 0.714510 0.532510
4 0.618790 0.375128 0.762419 0.399601
4 0.577870 0.163571 0.844260 0.215582
4 0.592862 0.593557 0.814276 0.548200
4 0.564090 0.700302 0.843490 0.599397
4 0.540992 0.278838 0.871514 0.307242
1 0.602529 0.015309 0.794942 0.030617
1 0.281082 0.572310 0.562164 0.515836
12 0.092338 0.018969 0.184676 0.037938
8 0.068175 0.398506 0.136350 0.371829
9 0.276371 0.348627 0.552743 0.348412
9 0.079153 0.582863 0.158306 0.509164
7 0.080915 0.109194 0.161830 0.123696
7 0.070489 0.691858 0.140977 0.580551
11 0.183313 0.189352 0.366627 0.205987
10 0.187578 0.155722 0.375156 0.175845
10 0.372056 0.037878 0.730969 0.075755
10 0.385652 0.264608 0.704606 0.285987
10 0.174050 0.377719 0.348101 0.363743
10 0.173799 0.488278 0.347598 0.448628
10 0.169006 0.705640 0.338012 0.588720
