11 0.559437 0.156683 0.881126 0.174610
2 0.094045 0.240685 0.188091 0.238712
1 0.208604 0.005653 0.417209 0.011305
6 0.115962 0.006479 0.231925 0.010886
4 0.203053 0.351844 0.406106 0.345369
6 0.085223 0.724962 0.170447 0.550077
4 0.188600 0.727737 0.377200 0.544526
3 0.263911 0.684969 0.527822 0.630061
3 0.281378 0.330583 0.562756 0.328773
5 0.376458 0.396869 0.752916 0.393140
4 0.370442 0.688037 0.740884 0.623925
4 0.307567 0.577409 0.615134 0.548966
4 0.303319 0.138147 0.606639 0.146480
4 0.376565 0.022176 0.753131 0.033272
4 0.378670 0.248961 0.757340 0.255589
4 0.557063 0.471251 0.885874 0.466413
1 0.554216 0.550166 0.891568 0.536002
8 0.612796 0.368865 0.774408 0.381131
12 0.596421 0.013467 0.807158 0.026933
9 0.545896 0.315995 0.908209 0.324771
9 0.622552 0.561621 0.754895 0.554494
7 0.602109 0.082600 0.795782 0.103659
7 0.635768 0.676059 0.728464 0.647882
10 0.577056 0.129437 0.845889 0.147675
10 0.585942 0.341180 0.828116 0.351622
10 0.604680 0.682291 0.790640 0.635417
10 0.590808 0.455619 0.818384 0.456397
10 0.498351 0.017632 0.928630 0.031415
10 0.505483 0.226662 0.914880 0.237657
10 0.509142 0.591757 0.876380 0.568596
