2 0.098854 0.170696 0.197708 0.335893
5 0.394385 0.367780 0.788770 0.482396
6 0.085942 0.703728 0.171883 0.592544
4 0.182492 0.708144 0.364984 0.583711
3 0.265718 0.651650 0.531437 0.680468
3 0.296159 0.275703 0.592318 0.414798
4 0.211404 0.306297 0.422808 0.439775
4 0.327173 0.088213 0.654346 0.176427
4 0.407021 0.191067 0.814041 0.344582
4 0.297595 0.547836 0.595191 0.610532
4 0.370826 0.668369 0.741652 0.663263
4 0.555577 0.446182 0.888847 0.531925
1 0.552460 0.530905 0.895079 0.590804
10 0.576540 0.087014 0.846920 0.174029
11 0.568347 0.113158 0.863306 0.226315
8 0.615859 0.337178 0.768282 0.450433
9 0.623144 0.538434 0.753712 0.589989
7 0.599204 0.055308 0.801592 0.110615
7 0.641246 0.665258 0.717508 0.669484
9 0.540046 0.271336 0.919908 0.405446
10 0.516337 0.174326 0.967325 0.329223
10 0.588940 0.306907 0.822120 0.429207
10 0.591361 0.430549 0.817278 0.518344
10 0.603625 0.670294 0.792749 0.659412
10 0.531238 0.571684 0.930395 0.620413
