9 0.185932 0.600186 0.371864 0.678889
2 0.655667 0.163329 0.688665 0.326658
1 0.579540 0.115252 0.827376 0.230504
4 0.457472 0.083497 0.676419 0.166995
4 0.633951 0.270454 0.732097 0.443056
4 0.581275 0.501330 0.837449 0.632706
4 0.545233 0.638107 0.909535 0.723785
9 0.426642 0.608960 0.795899 0.706427
7 0.449204 0.348696 0.748436 0.482310
8 0.104595 0.160038 0.209190 0.276490
11 0.354269 0.012907 0.555973 0.025814
10 0.242722 0.066547 0.444981 0.133094
10 0.210277 0.272345 0.420554 0.392275
10 0.328754 0.252597 0.589138 0.385150
10 0.311236 0.522654 0.622471 0.624240
