9 0.594331 0.616395 0.811338 0.658059
2 0.092521 0.163613 0.185042 0.272558
1 0.376527 0.107381 0.753054 0.214761
4 0.483418 0.080677 0.910436 0.161355
4 0.201192 0.285394 0.402384 0.380639
4 0.300310 0.521478 0.600619 0.585200
4 0.370280 0.658785 0.740560 0.682431
9 0.467956 0.626948 0.870964 0.671133
7 0.467098 0.363285 0.885508 0.445057
8 0.600068 0.169491 0.799865 0.270456
11 0.532646 0.012035 0.934708 0.024069
10 0.569109 0.067296 0.861781 0.134592
10 0.578880 0.283097 0.842241 0.371897
10 0.546936 0.266686 0.906129 0.358718
10 0.555632 0.539278 0.888736 0.595209
