6 0.669365 0.722912 0.661270 0.554177
2 0.642275 0.520847 0.715450 0.531223
5 0.570120 0.284858 0.859759 0.329008
3 0.390279 0.446730 0.756443 0.440447
4 0.623099 0.474449 0.753802 0.487582
4 0.612608 0.237554 0.774784 0.298190
4 0.592275 0.583161 0.815449 0.555824
4 0.543105 0.351252 0.883010 0.374306
4 0.304121 0.009061 0.608242 0.018122
11 0.296595 0.288425 0.593191 0.305771
8 0.176874 0.377598 0.353748 0.368879
9 0.282746 0.555640 0.565491 0.511748
7 0.398262 0.671474 0.721274 0.596791
9 0.521766 0.067111 0.922650 0.125019
12 0.593970 0.722550 0.812059 0.554900
12 0.093687 0.005828 0.187374 0.011655
10 0.397505 0.352936 0.751198 0.366773
10 0.196607 0.007446 0.393214 0.014892
10 0.200168 0.230265 0.400336 0.246916
10 0.177042 0.701132 0.354085 0.597737
