11 0.530759 0.004368 0.938481 0.008736
7 0.611274 0.037406 0.777452 0.074812
8 0.615163 0.197609 0.769673 0.286249
9 0.610909 0.717373 0.778182 0.565254
10 0.578270 0.062975 0.843460 0.125950
10 0.596923 0.305539 0.806153 0.372523
10 0.599398 0.430716 0.801205 0.466299
10 0.568134 0.576691 0.863732 0.571484
2 0.075696 0.173379 0.151392 0.276146
1 0.276207 0.034564 0.552413 0.069128
3 0.606060 0.630401 0.787880 0.605069
3 0.555086 0.397540 0.889827 0.445064
6 0.376800 0.290884 0.753600 0.366961
4 0.521777 0.086304 0.950153 0.172609
4 0.196326 0.301446 0.392653 0.378110
4 0.342656 0.679429 0.685311 0.641142
4 0.286687 0.542769 0.573373 0.555494
