8 0.051189 0.124747 0.102377 0.249493
9 0.152715 0.670943 0.305431 0.658114
10 0.173254 0.001665 0.346507 0.003329
10 0.164368 0.214297 0.328737 0.428594
10 0.167381 0.350677 0.334762 0.555252
10 0.265595 0.521401 0.531189 0.681039
2 0.627709 0.118602 0.744583 0.237204
3 0.156254 0.582009 0.312508 0.715754
3 0.257576 0.314229 0.515152 0.532071
6 0.501466 0.207874 0.843517 0.415749
4 0.354344 0.031789 0.696675 0.063578
4 0.618297 0.219233 0.763407 0.438466
4 0.551959 0.629958 0.824829 0.740084
4 0.587260 0.485992 0.825480 0.668689
