9 0.162187 0.700246 0.324373 0.599508
7 0.433721 0.383040 0.720178 0.457191
11 0.336787 0.038028 0.537946 0.076056
8 0.093746 0.203909 0.187492 0.247490
12 0.128505 0.004160 0.257010 0.008321
10 0.224447 0.103712 0.420639 0.173555
10 0.192164 0.312279 0.384328 0.362833
10 0.196283 0.423747 0.392566 0.462803
10 0.295970 0.550114 0.591939 0.585268
2 0.652059 0.170220 0.695883 0.335056
6 0.622680 0.008004 0.754640 0.016008
6 0.314914 0.296995 0.567866 0.366126
3 0.295584 0.400037 0.575263 0.456315
3 0.175425 0.623278 0.350850 0.630211
1 0.566014 0.145141 0.811186 0.258808
4 0.438781 0.107387 0.646698 0.205537
4 0.630804 0.299632 0.738391 0.430275
4 0.583306 0.524833 0.833389 0.604152
4 0.550855 0.656534 0.898290 0.686931
