6 0.634111 0.701430 0.731778 0.597140
2 0.657689 0.169565 0.684623 0.240160
5 0.554131 0.355182 0.845653 0.410939
3 0.584701 0.656927 0.830599 0.677531
3 0.600355 0.266636 0.799290 0.330250
4 0.611512 0.705907 0.776977 0.588186
4 0.588551 0.544580 0.822898 0.581080
4 0.559831 0.669098 0.880338 0.661803
4 0.632187 0.301828 0.735627 0.364711
4 0.566950 0.190083 0.828247 0.256183
4 0.606565 0.064070 0.786870 0.128140
1 0.305705 0.521900 0.588032 0.554295
7 0.111962 0.025451 0.223924 0.050902
8 0.082374 0.314854 0.164747 0.367422
9 0.305605 0.262475 0.568991 0.322301
9 0.081521 0.524181 0.163042 0.550974
7 0.062761 0.648904 0.125523 0.653622
10 0.179241 0.669177 0.358483 0.661645
10 0.189608 0.415656 0.379215 0.459338
10 0.193963 0.289459 0.387926 0.345334
10 0.213047 0.062461 0.426094 0.124921
10 0.426458 0.167364 0.671491 0.233150
