6 0.676878 0.760526 0.646244 0.478948
2 0.631907 0.290693 0.736187 0.267745
6 0.623706 0.008728 0.752588 0.008796
5 0.544422 0.463288 0.911157 0.398269
3 0.601637 0.711704 0.796726 0.549216
3 0.575438 0.379540 0.849123 0.337483
4 0.649990 0.763141 0.700021 0.473718
4 0.593875 0.625071 0.812250 0.502076
4 0.572203 0.728031 0.855594 0.543939
4 0.617081 0.414900 0.765837 0.364420
4 0.538304 0.305420 0.923391 0.278761
4 0.559421 0.175861 0.881159 0.167947
1 0.587799 0.008712 0.824402 0.008770
1 0.305701 0.607062 0.611402 0.489780
7 0.079052 0.102836 0.158104 0.099991
12 0.087474 0.012908 0.174948 0.012898
8 0.083124 0.425107 0.166247 0.369160
11 0.288264 0.063164 0.576529 0.062308
9 0.295632 0.374930 0.591263 0.332791
9 0.102682 0.609739 0.205364 0.489986
7 0.097782 0.710801 0.195564 0.544712
10 0.191622 0.727546 0.383243 0.544907
10 0.188795 0.515673 0.377590 0.432225
10 0.187644 0.397612 0.375287 0.349410
10 0.194262 0.163796 0.388524 0.156383
10 0.384577 0.021527 0.769155 0.021519
10 0.390163 0.279049 0.780325 0.256748
