6 0.668000 0.710820 0.664000 0.578361
2 0.642330 0.174506 0.715340 0.315553
5 0.548715 0.372658 0.883825 0.462270
3 0.601738 0.664667 0.796524 0.670666
3 0.586616 0.277915 0.826768 0.390993
4 0.644473 0.713960 0.711053 0.572081
4 0.595227 0.556820 0.809546 0.599540
4 0.572384 0.676117 0.855231 0.647767
4 0.624636 0.313578 0.750728 0.424048
4 0.554323 0.200634 0.891355 0.323471
4 0.578449 0.082464 0.843102 0.164928
1 0.295705 0.540849 0.591410 0.578259
7 0.088108 0.039407 0.176216 0.078813
8 0.072420 0.340618 0.144840 0.420954
11 0.287517 0.009327 0.575034 0.018654
9 0.289856 0.281173 0.579711 0.381716
9 0.081474 0.547083 0.162948 0.574563
7 0.070217 0.665649 0.140434 0.652338
10 0.169858 0.677689 0.339717 0.644621
10 0.179045 0.439376 0.358089 0.501253
10 0.180571 0.311398 0.361142 0.402100
10 0.197524 0.080898 0.395047 0.161797
10 0.396817 0.178161 0.726248 0.299731
