6 0.238056 0.009092 0.476112 0.009173
6 0.068814 0.708884 0.137628 0.582231
2 0.061772 0.334914 0.123545 0.321796
5 0.240630 0.258472 0.481260 0.252239
4 0.169660 0.115714 0.339319 0.114899
4 0.166003 0.217682 0.332006 0.213133
4 0.162833 0.421701 0.325667 0.400979
4 0.241926 0.538922 0.483852 0.504603
4 0.328713 0.311405 0.638278 0.302221
4 0.310158 0.015104 0.620316 0.015251
3 0.239077 0.083510 0.478154 0.083432
3 0.423477 0.401514 0.740855 0.385566
11 0.507635 0.267770 0.839354 0.262551
12 0.595115 0.017976 0.809770 0.018286
12 0.602461 0.708914 0.795078 0.582172
8 0.607519 0.335073 0.784962 0.327072
7 0.621883 0.507038 0.756234 0.482902
9 0.504518 0.166049 0.830021 0.165031
9 0.622239 0.628493 0.755521 0.587542
10 0.430591 0.310795 0.733394 0.302267
10 0.574982 0.015015 0.850036 0.015248
10 0.579636 0.210117 0.840728 0.207973
10 0.600049 0.647814 0.799901 0.602169
10 0.448654 0.709480 0.712010 0.581039
