6 0.669139 0.733337 0.661723 0.533327
2 0.639655 0.332700 0.720690 0.331065
5 0.564735 0.241105 0.870529 0.248396
4 0.606021 0.062315 0.787957 0.088285
4 0.611894 0.190784 0.776213 0.206034
4 0.621602 0.437671 0.756797 0.414571
4 0.595548 0.572695 0.808904 0.514681
4 0.509623 0.310050 0.837512 0.306589
3 0.569728 0.020821 0.860544 0.041642
3 0.363436 0.415478 0.697931 0.392007
11 0.264222 0.256556 0.528444 0.257160
12 0.164774 0.738945 0.329548 0.522110
8 0.048022 0.340213 0.096045 0.325216
7 0.054508 0.538377 0.109016 0.481638
9 0.277044 0.127517 0.554088 0.141393
9 0.073382 0.668194 0.146764 0.573543
10 0.379260 0.306966 0.696632 0.302381
10 0.180914 0.186941 0.361829 0.193873
10 0.168985 0.689118 0.337970 0.589285
10 0.385837 0.738392 0.640942 0.523217
