5 0.566672 0.255160 0.866655 0.274381
2 0.636355 0.337248 0.727290 0.348939
6 0.662171 0.722124 0.675659 0.555753
3 0.567550 0.029213 0.864899 0.058426
3 0.399233 0.409325 0.743912 0.405399
4 0.610622 0.073744 0.778756 0.103697
4 0.615032 0.200981 0.769936 0.224748
4 0.623463 0.437955 0.753073 0.431509
4 0.594144 0.568774 0.811713 0.533265
4 0.531397 0.311129 0.864324 0.322461
11 0.287826 0.252684 0.575652 0.270418
7 0.166643 0.386976 0.333285 0.384826
12 0.295160 0.118228 0.590320 0.146012
12 0.078654 0.650560 0.157308 0.585699
8 0.063691 0.331371 0.127382 0.337546
12 0.162428 0.729125 0.324856 0.541749
10 0.176906 0.686626 0.353813 0.611768
10 0.202762 0.182783 0.405524 0.205815
10 0.400612 0.307932 0.730940 0.318936
10 0.415594 0.731412 0.697538 0.537175
