5 0.571805 0.242726 0.856391 0.241397
2 0.649363 0.484749 0.701275 0.445570
6 0.662843 0.731488 0.674314 0.537024
4 0.627321 0.446427 0.745358 0.413815
4 0.613429 0.205087 0.773142 0.209555
4 0.611704 0.073915 0.776593 0.087387
4 0.551019 0.008362 0.897962 0.016724
4 0.538673 0.304686 0.873340 0.293566
4 0.594292 0.563443 0.811416 0.501292
3 0.406140 0.414182 0.749152 0.383212
12 0.099987 0.003839 0.199974 0.006907
12 0.173437 0.737915 0.346874 0.524171
8 0.179795 0.338199 0.359591 0.316925
9 0.529878 0.023016 0.896106 0.033933
9 0.081618 0.658449 0.163236 0.561443
7 0.411784 0.661633 0.722004 0.567759
11 0.298179 0.241870 0.596358 0.235334
10 0.407829 0.311738 0.740600 0.297909
10 0.201983 0.003353 0.403967 0.006706
10 0.207191 0.182045 0.414382 0.179541
10 0.178987 0.688661 0.357973 0.583412
10 0.418411 0.739257 0.712928 0.521486
