5 0.292322 0.301234 0.584645 0.311631
2 0.081252 0.522843 0.162503 0.470319
6 0.086846 0.738627 0.173691 0.522746
4 0.197198 0.487481 0.394396 0.452549
4 0.206597 0.268398 0.413194 0.276769
4 0.217231 0.146447 0.434463 0.168956
4 0.397395 0.027042 0.794791 0.054084
4 0.397476 0.353723 0.794952 0.362590
4 0.274004 0.591120 0.548008 0.533367
3 0.491786 0.454392 0.947318 0.448165
12 0.586858 0.014649 0.826283 0.029299
12 0.599225 0.730884 0.801550 0.538231
8 0.567577 0.385945 0.864845 0.409420
9 0.408103 0.098713 0.816206 0.139041
9 0.621049 0.673690 0.757901 0.622056
7 0.496854 0.679450 0.896958 0.605800
11 0.532210 0.296847 0.935580 0.328596
10 0.508124 0.362538 0.963772 0.376463
10 0.558787 0.015437 0.882425 0.030875
10 0.571564 0.243789 0.856871 0.290409
10 0.595789 0.692991 0.808422 0.614019
10 0.488433 0.736646 0.858062 0.526707
