2 0.603864 0.614459 0.792272 0.618362
6 0.658731 0.710365 0.682538 0.579270
12 0.587443 0.711328 0.825115 0.577344
9 0.517814 0.038739 0.932518 0.077478
5 0.553833 0.237385 0.892334 0.323109
4 0.601803 0.192211 0.796395 0.295791
4 0.609470 0.437699 0.781060 0.493465
4 0.583903 0.563881 0.832195 0.574961
4 0.522873 0.306826 0.897201 0.370635
3 0.381226 0.417726 0.757015 0.449077
10 0.389681 0.311510 0.755526 0.364470
11 0.287872 0.251715 0.575745 0.305242
8 0.180527 0.341475 0.361053 0.368675
10 0.207303 0.188062 0.414607 0.240795
10 0.180842 0.689143 0.361685 0.621715
