2 0.169371 0.613541 0.338741 0.591728
6 0.078467 0.718279 0.156933 0.563442
12 0.258266 0.715179 0.516533 0.569642
9 0.403848 0.027560 0.807697 0.055120
5 0.290922 0.231787 0.581844 0.287710
4 0.204696 0.187716 0.409393 0.246281
4 0.190360 0.436343 0.380721 0.456611
4 0.272730 0.562039 0.545460 0.551214
4 0.388206 0.300025 0.770085 0.343770
3 0.501455 0.409581 0.888615 0.434728
10 0.520877 0.306825 0.898348 0.349125
11 0.548016 0.241968 0.903968 0.295894
8 0.590477 0.335403 0.819047 0.374512
12 0.613077 0.027329 0.773846 0.054659
10 0.587430 0.021481 0.825140 0.042961
10 0.591463 0.180483 0.817075 0.239295
10 0.614645 0.684822 0.770710 0.630357
