2 0.168310 0.616507 0.336620 0.579630
6 0.078616 0.723071 0.157232 0.553857
12 0.257504 0.720149 0.515008 0.559702
9 0.403128 0.023340 0.806256 0.046680
5 0.289498 0.236764 0.578996 0.281483
4 0.201606 0.192314 0.403211 0.240178
4 0.188343 0.439411 0.376687 0.446773
4 0.270954 0.563575 0.541907 0.538377
4 0.390828 0.305179 0.763827 0.336875
3 0.500362 0.413673 0.876608 0.425726
10 0.522577 0.308963 0.890836 0.339529
11 0.552355 0.244868 0.895290 0.287261
8 0.593276 0.337813 0.813449 0.364734
12 0.617960 0.036478 0.764080 0.072956
10 0.593299 0.030532 0.813403 0.061064
10 0.592526 0.180221 0.814949 0.228555
10 0.618139 0.687469 0.763723 0.619484
