3 0.397074 0.468599 0.749553 0.419412
4 0.539546 0.031583 0.920908 0.031581
6 0.665403 0.742117 0.669195 0.515766
2 0.643305 0.539122 0.713390 0.475256
5 0.570654 0.314562 0.858693 0.294150
4 0.625400 0.502573 0.749200 0.446980
4 0.614451 0.285698 0.771099 0.269394
4 0.527083 0.379064 0.869024 0.348055
4 0.595378 0.608382 0.809245 0.523898
12 0.594537 0.736621 0.810925 0.526758
12 0.099184 0.004005 0.198368 0.004014
11 0.291179 0.315457 0.582358 0.293971
8 0.180028 0.403954 0.360056 0.367241
7 0.394007 0.683598 0.705616 0.573627
9 0.520519 0.122116 0.904136 0.119591
9 0.279611 0.577786 0.559222 0.500372
10 0.395367 0.370446 0.740276 0.340559
10 0.198748 0.011967 0.397496 0.011982
10 0.205513 0.254459 0.411025 0.240596
10 0.180878 0.706957 0.361757 0.586086
