3 0.417209 0.445909 0.757650 0.398972
4 0.550856 0.004082 0.898289 0.004079
6 0.657629 0.742586 0.684742 0.514828
2 0.645562 0.521476 0.708877 0.456602
5 0.576255 0.279138 0.847490 0.261175
4 0.629106 0.480082 0.741787 0.425414
4 0.622794 0.249048 0.754413 0.234811
4 0.547047 0.349807 0.875090 0.321311
4 0.600854 0.592531 0.798293 0.507950
12 0.598249 0.735801 0.803502 0.528397
11 0.298571 0.285729 0.597143 0.266890
8 0.181103 0.377602 0.362205 0.344267
7 0.416299 0.673880 0.726081 0.563266
9 0.533255 0.075524 0.896231 0.074247
9 0.291308 0.561479 0.582615 0.485854
10 0.412907 0.343545 0.737758 0.316084
10 0.195077 0.004082 0.390155 0.004079
10 0.207307 0.221692 0.414613 0.210455
10 0.180874 0.697434 0.361748 0.578578
