2 0.633146 0.274753 0.733708 0.258134
1 0.575029 0.119339 0.849943 0.116681
6 0.562580 0.003791 0.874841 0.003814
6 0.533592 0.139578 0.932816 0.135597
4 0.620639 0.391964 0.758722 0.355396
4 0.641412 0.751340 0.717176 0.497321
4 0.590304 0.598802 0.819391 0.507363
4 0.562975 0.712195 0.874050 0.575610
4 0.392659 0.172642 0.767554 0.166078
3 0.418319 0.252001 0.813997 0.237313
3 0.167823 0.681485 0.335646 0.558347
8 0.072601 0.407469 0.145203 0.365436
7 0.081249 0.104674 0.162498 0.102238
7 0.301454 0.460767 0.602908 0.407366
12 0.094974 0.022411 0.189948 0.022348
11 0.289362 0.069796 0.578723 0.068906
9 0.157287 0.743839 0.314574 0.512323
10 0.201736 0.145720 0.403473 0.140951
10 0.180955 0.383892 0.361910 0.347118
10 0.181214 0.492601 0.362428 0.430559
10 0.298497 0.625364 0.596994 0.523371
