5 0.083824 0.353512 0.167649 0.458489
2 0.094618 0.207072 0.189237 0.340540
3 0.095472 0.164218 0.190943 0.303612
3 0.079671 0.552277 0.159343 0.602956
1 0.111943 0.047511 0.223886 0.095022
1 0.087649 0.665218 0.175298 0.669565
6 0.078067 0.712265 0.156133 0.575471
4 0.170659 0.711869 0.341319 0.576261
4 0.180985 0.662053 0.361969 0.675895
4 0.199575 0.562657 0.399150 0.622332
4 0.195701 0.431363 0.391401 0.528606
4 0.199842 0.320734 0.399684 0.443791
4 0.204625 0.210806 0.409250 0.353794
4 0.220054 0.097105 0.440109 0.194210
11 0.612701 0.234743 0.774599 0.428848
8 0.615844 0.329773 0.768311 0.507853
9 0.614034 0.171216 0.771932 0.342433
9 0.627259 0.534675 0.745483 0.658889
7 0.607645 0.053387 0.784710 0.106775
7 0.639285 0.643269 0.721431 0.713463
12 0.646031 0.691576 0.707938 0.616848
10 0.576357 0.001174 0.847285 0.002348
10 0.578532 0.096566 0.842937 0.193132
10 0.589817 0.189493 0.820366 0.378987
10 0.588924 0.304003 0.822153 0.476368
10 0.594273 0.427400 0.811454 0.571773
10 0.602633 0.555543 0.794733 0.663507
10 0.608093 0.653592 0.783814 0.692816
10 0.611178 0.699529 0.777645 0.600942
