7 0.470571 0.435899 0.859474 0.400105
12 0.487655 0.326916 0.878944 0.308597
9 0.464267 0.668144 0.808046 0.574362
8 0.614861 0.222733 0.770279 0.217518
11 0.538120 0.003794 0.923759 0.003869
10 0.582160 0.088082 0.835679 0.088369
10 0.596475 0.337063 0.807050 0.319132
10 0.574641 0.598555 0.850718 0.526621
6 0.583784 0.007556 0.832432 0.007713
3 0.561802 0.412539 0.876396 0.382117
2 0.068046 0.217055 0.136093 0.208274
4 0.507888 0.578001 0.845289 0.510373
4 0.288907 0.340319 0.577814 0.318574
4 0.344762 0.701058 0.667213 0.594759
