6 0.660154 0.712784 0.679693 0.574432
2 0.610292 0.637476 0.779415 0.637063
5 0.567330 0.303686 0.865341 0.367763
4 0.608384 0.254916 0.783233 0.338122
4 0.617942 0.477745 0.764117 0.520132
4 0.587212 0.588096 0.825576 0.590176
4 0.529800 0.353506 0.897424 0.397118
3 0.399682 0.445993 0.762117 0.460318
7 0.390405 0.673975 0.723332 0.625366
11 0.297460 0.290141 0.594921 0.321131
8 0.191847 0.379195 0.383694 0.382779
9 0.285699 0.555086 0.571399 0.531452
10 0.405401 0.353163 0.766340 0.385459
10 0.220465 0.231678 0.440929 0.259680
10 0.190124 0.695191 0.380249 0.609618
10 0.220030 0.010982 0.440059 0.021963
12 0.120607 0.009914 0.241214 0.019828
12 0.592337 0.712376 0.815325 0.575247
