2 0.087419 0.266350 0.174837 0.254496
1 0.288661 0.111114 0.577323 0.116376
6 0.318616 0.006132 0.637232 0.012264
6 0.373053 0.466708 0.746107 0.429831
4 0.199615 0.377335 0.399230 0.352132
4 0.172291 0.744100 0.344581 0.511800
4 0.342158 0.706767 0.684316 0.586465
4 0.285466 0.588719 0.570932 0.518042
4 0.526061 0.172618 0.947878 0.179785
4 0.416728 0.164026 0.833455 0.169602
3 0.289981 0.346796 0.579963 0.329475
3 0.489349 0.732253 0.828313 0.535493
11 0.540753 0.065048 0.918495 0.078318
9 0.607999 0.732864 0.784001 0.534273
12 0.605179 0.019435 0.789642 0.036530
7 0.553844 0.454744 0.892312 0.426001
7 0.610611 0.087504 0.778777 0.104497
8 0.616229 0.402214 0.767542 0.390214
10 0.516516 0.022199 0.966968 0.033946
10 0.581086 0.143618 0.837827 0.156436
10 0.601566 0.370550 0.796867 0.360386
10 0.600343 0.485982 0.799313 0.453793
10 0.563924 0.612510 0.872151 0.544340
