6 0.085771 0.715020 0.171541 0.569960
2 0.090799 0.320757 0.181597 0.378284
5 0.301543 0.238123 0.603085 0.306709
4 0.200002 0.433128 0.400005 0.465667
4 0.217347 0.192326 0.434695 0.266254
4 0.229585 0.067652 0.459171 0.135303
4 0.280216 0.563670 0.560433 0.560943
4 0.401687 0.306962 0.803373 0.362807
3 0.320404 0.039002 0.640809 0.078005
3 0.498626 0.405372 0.930069 0.441963
7 0.507592 0.653480 0.889746 0.620560
8 0.617520 0.327643 0.764960 0.378214
11 0.543761 0.249484 0.912478 0.314534
9 0.546783 0.124832 0.906433 0.205132
9 0.627995 0.646795 0.744011 0.612502
12 0.606060 0.722875 0.787880 0.554251
10 0.610273 0.682507 0.779453 0.634986
10 0.579687 0.183696 0.840627 0.256921
10 0.526878 0.294036 0.945326 0.351383
10 0.504158 0.723444 0.853407 0.553112
