6 0.305218 0.009997 0.610437 0.019995
6 0.083388 0.736229 0.166775 0.527541
2 0.077251 0.350294 0.154502 0.335926
5 0.291005 0.260517 0.582011 0.278911
4 0.191016 0.455423 0.382032 0.428242
4 0.203683 0.216679 0.407367 0.232875
4 0.215533 0.085969 0.431067 0.114612
4 0.398504 0.011923 0.797009 0.023845
4 0.272707 0.576546 0.545413 0.523399
4 0.391309 0.327090 0.782618 0.342999
3 0.308999 0.043401 0.617999 0.082208
3 0.487367 0.420969 0.925874 0.424866
7 0.494079 0.663461 0.874142 0.596389
8 0.611595 0.336070 0.776811 0.383556
11 0.537606 0.265274 0.924787 0.306393
9 0.540522 0.136972 0.918957 0.193945
9 0.626016 0.649936 0.747968 0.609843
12 0.605547 0.726902 0.788905 0.546196
12 0.600858 0.016826 0.798285 0.033652
10 0.607709 0.686644 0.784583 0.625002
10 0.571230 0.014786 0.857541 0.029571
10 0.574148 0.196835 0.851703 0.255395
10 0.513272 0.313725 0.940879 0.339785
10 0.493918 0.732926 0.832071 0.534149
