1 0.608314 0.640752 0.783371 0.679398
6 0.635290 0.694524 0.729419 0.610951
2 0.657911 0.280234 0.684177 0.353835
5 0.607155 0.206364 0.785690 0.274683
1 0.543926 0.506430 0.835601 0.549897
4 0.644181 0.166315 0.711638 0.242202
4 0.654474 0.057536 0.691052 0.115072
4 0.632654 0.396567 0.734692 0.457829
4 0.622249 0.538907 0.755503 0.588448
4 0.576037 0.704822 0.847926 0.590357
4 0.579236 0.661612 0.841528 0.676776
4 0.556304 0.268036 0.794157 0.327877
3 0.620976 0.026306 0.758048 0.052612
3 0.419310 0.375327 0.691902 0.424731
11 0.105481 0.195739 0.210963 0.242767
8 0.085889 0.297606 0.171777 0.338586
12 0.161331 0.699475 0.322661 0.601050
7 0.068839 0.493867 0.137678 0.520585
9 0.342758 0.106359 0.549007 0.167541
9 0.073865 0.633372 0.147729 0.646856
10 0.441197 0.269197 0.666953 0.325012
10 0.450693 0.049166 0.641373 0.098332
10 0.219570 0.171785 0.420805 0.225178
10 0.196372 0.414967 0.392744 0.453445
10 0.185967 0.544364 0.371933 0.571635
10 0.179882 0.663859 0.359765 0.672282
10 0.390872 0.702514 0.726055 0.594972
