5 0.383073 0.379785 0.766146 0.429943
2 0.081294 0.181390 0.162588 0.273953
6 0.088159 0.425726 0.176319 0.468329
4 0.168800 0.726628 0.337600 0.546743
4 0.197556 0.320336 0.395113 0.384863
4 0.395264 0.199790 0.790528 0.284522
4 0.361472 0.684479 0.722944 0.631042
4 0.287294 0.558773 0.574588 0.557290
4 0.424880 0.071627 0.849759 0.143254
1 0.287432 0.031292 0.574865 0.062584
1 0.547879 0.538699 0.904242 0.540404
9 0.545980 0.275305 0.908039 0.345818
9 0.602832 0.722785 0.794337 0.554429
12 0.599537 0.001215 0.800927 0.002430
11 0.529685 0.012257 0.940629 0.024514
8 0.607840 0.337206 0.784319 0.394303
7 0.605718 0.033733 0.788563 0.067465
7 0.546830 0.410905 0.906340 0.450297
10 0.517449 0.178595 0.965103 0.266063
10 0.576960 0.070270 0.846080 0.140540
10 0.589755 0.308874 0.820491 0.370794
10 0.591393 0.440841 0.817214 0.470116
10 0.604893 0.685106 0.790214 0.628830
