5 0.383936 0.371069 0.767872 0.441789
2 0.093056 0.169072 0.186112 0.285461
6 0.098976 0.417189 0.197952 0.483031
4 0.178387 0.719053 0.356775 0.561895
4 0.206730 0.311067 0.413459 0.397787
4 0.397109 0.190914 0.794218 0.297101
4 0.357923 0.677498 0.715847 0.645003
4 0.292158 0.547614 0.584316 0.568588
4 0.428235 0.072371 0.856471 0.144742
1 0.293865 0.034650 0.587730 0.069299
1 0.550367 0.529873 0.899267 0.550044
9 0.547783 0.267031 0.904434 0.357135
9 0.604986 0.715996 0.790028 0.568009
11 0.532746 0.016357 0.934508 0.032713
8 0.609451 0.328779 0.781099 0.403448
7 0.608259 0.037857 0.783482 0.075714
7 0.548320 0.398894 0.903360 0.458019
10 0.520152 0.172947 0.959695 0.280962
10 0.578301 0.073766 0.843399 0.147533
10 0.591775 0.300687 0.816450 0.381091
10 0.593363 0.431695 0.813274 0.478777
10 0.606072 0.672250 0.787856 0.635253
