5 0.371676 0.367478 0.743353 0.457664
2 0.086760 0.169819 0.173520 0.288659
6 0.096316 0.412560 0.192633 0.492071
4 0.180226 0.710323 0.360453 0.579354
4 0.200543 0.306383 0.401087 0.406419
4 0.382614 0.185950 0.765227 0.302653
4 0.352879 0.667291 0.705758 0.665418
4 0.290414 0.546289 0.580829 0.594989
4 0.410290 0.071628 0.820579 0.143257
1 0.280713 0.032245 0.561425 0.064490
1 0.541639 0.526640 0.916722 0.583441
9 0.538414 0.262089 0.923173 0.369733
9 0.596261 0.702879 0.807477 0.594243
11 0.522304 0.011790 0.955391 0.023580
8 0.599537 0.324445 0.800925 0.423819
7 0.595103 0.031971 0.809794 0.063943
7 0.538875 0.395941 0.922249 0.481690
10 0.507652 0.168300 0.974230 0.286772
10 0.566439 0.068549 0.867123 0.137099
10 0.580117 0.293555 0.839765 0.396991
10 0.583744 0.430002 0.832512 0.509563
10 0.598204 0.666067 0.803593 0.667865
