8 0.607757 0.194202 0.784485 0.364750
7 0.610584 0.041935 0.778832 0.083869
11 0.531756 0.011970 0.936488 0.023940
9 0.604932 0.691765 0.790135 0.616470
10 0.579683 0.081674 0.840635 0.163348
10 0.596560 0.303261 0.806881 0.450780
10 0.596210 0.427795 0.807580 0.549514
10 0.562690 0.574688 0.874620 0.649236
2 0.092020 0.178998 0.184040 0.309008
1 0.296391 0.040552 0.592782 0.081104
6 0.396797 0.296167 0.793594 0.427124
3 0.600087 0.629097 0.799826 0.694158
3 0.552738 0.403725 0.894523 0.524671
4 0.518069 0.099547 0.963861 0.199094
4 0.207008 0.310051 0.414016 0.425733
4 0.389252 0.712466 0.720659 0.575067
4 0.354234 0.666196 0.708468 0.667608
4 0.292408 0.548495 0.584816 0.612391
