8 0.052991 0.199495 0.105982 0.297827
7 0.075751 0.031269 0.151502 0.062538
11 0.269924 0.004487 0.535401 0.008973
9 0.133257 0.707870 0.266514 0.584260
10 0.178956 0.069773 0.357912 0.139546
10 0.162222 0.300365 0.324443 0.392900
10 0.161361 0.427480 0.322722 0.492596
10 0.286171 0.572092 0.480398 0.605265
2 0.663208 0.166903 0.673585 0.333806
1 0.613262 0.039034 0.773476 0.078068
6 0.542410 0.285814 0.775384 0.408424
3 0.144384 0.631489 0.288768 0.636914
3 0.276498 0.401804 0.494423 0.481592
4 0.410307 0.091179 0.641780 0.182357
4 0.653853 0.292626 0.692294 0.433486
4 0.526726 0.715591 0.700801 0.568819
4 0.572789 0.666302 0.761010 0.667396
4 0.618471 0.538900 0.763059 0.603529
