6 0.090921 0.717049 0.181842 0.565902
12 0.284703 0.711575 0.569407 0.576850
2 0.177990 0.617699 0.355981 0.584115
5 0.276584 0.265021 0.553167 0.259833
4 0.192144 0.441988 0.384288 0.425471
4 0.189324 0.225546 0.378647 0.221733
4 0.282853 0.562126 0.565705 0.535098
3 0.482303 0.412573 0.881057 0.399535
4 0.375771 0.316054 0.751542 0.308625
9 0.362024 0.077152 0.724047 0.077049
9 0.512193 0.711137 0.878808 0.577725
7 0.518103 0.652905 0.877205 0.617157
11 0.546028 0.257154 0.907943 0.252998
8 0.577714 0.335174 0.844572 0.327692
12 0.599224 0.013060 0.801552 0.013163
10 0.488397 0.319456 0.867411 0.312136
10 0.568838 0.009785 0.862324 0.009857
10 0.576733 0.202702 0.846534 0.200614
10 0.602451 0.679806 0.795098 0.640387
