11 0.124170 0.197265 0.248340 0.243916
8 0.103110 0.300979 0.206220 0.342592
9 0.349244 0.107326 0.608661 0.157294
9 0.094527 0.628656 0.189053 0.641699
12 0.188017 0.701560 0.376033 0.596879
7 0.089323 0.493666 0.178647 0.520743
10 0.451782 0.275615 0.724586 0.320388
10 0.468510 0.060979 0.689989 0.111794
10 0.232805 0.172221 0.465610 0.220182
10 0.220321 0.421344 0.440642 0.455750
10 0.207954 0.545057 0.415907 0.568400
10 0.204169 0.664371 0.408338 0.671257
10 0.400049 0.703678 0.800097 0.592643
3 0.620130 0.023211 0.759740 0.046422
3 0.434932 0.371989 0.758440 0.411495
5 0.661718 0.224381 0.676563 0.273461
2 0.649275 0.307596 0.701450 0.353582
6 0.617797 0.700040 0.764406 0.599920
1 0.671702 0.125654 0.656597 0.176715
1 0.594916 0.651307 0.810168 0.669646
4 0.607014 0.550115 0.785972 0.578608
4 0.618517 0.409139 0.762965 0.448606
4 0.564791 0.665944 0.870418 0.668111
4 0.559811 0.706533 0.880378 0.586934
4 0.634868 0.181271 0.730265 0.230899
4 0.646584 0.061572 0.706832 0.112947
4 0.570706 0.276394 0.849298 0.321688
