2 0.180505 0.610985 0.361011 0.661841
6 0.077788 0.703774 0.155577 0.592452
12 0.259334 0.696174 0.518667 0.607652
4 0.216297 0.182110 0.432593 0.322264
4 0.278974 0.557886 0.557947 0.629298
5 0.304893 0.231209 0.609787 0.369336
3 0.504114 0.402885 0.924678 0.520735
4 0.406412 0.300095 0.812824 0.432248
11 0.546090 0.246784 0.907820 0.394085
8 0.587989 0.345180 0.824022 0.482359
12 0.620859 0.161529 0.758283 0.323058
10 0.531809 0.303701 0.936382 0.439181
10 0.551050 0.092778 0.897900 0.185557
10 0.607492 0.655190 0.785016 0.689620
