2 0.641140 0.214593 0.717720 0.282177
1 0.584935 0.046883 0.830130 0.093767
1 0.278914 0.552759 0.557828 0.503303
3 0.585011 0.306343 0.829978 0.338405
3 0.390316 0.726760 0.668072 0.546480
6 0.572742 0.009309 0.854516 0.018618
6 0.531444 0.439581 0.842612 0.434803
4 0.642617 0.727810 0.714766 0.544381
4 0.623880 0.334562 0.752240 0.370012
4 0.506460 0.106665 0.826207 0.154753
4 0.377231 0.117953 0.709128 0.156405
4 0.598025 0.568719 0.803951 0.534429
4 0.560473 0.692521 0.829252 0.609261
8 0.061257 0.363871 0.122513 0.341778
9 0.151009 0.732137 0.302017 0.535726
11 0.271659 0.018442 0.543318 0.036884
12 0.089631 0.006926 0.179263 0.013853
7 0.276086 0.419230 0.552172 0.404022
7 0.076221 0.044235 0.152442 0.058772
10 0.368510 0.008974 0.706530 0.017948
10 0.182598 0.105742 0.365196 0.127472
10 0.167298 0.336447 0.334596 0.328611
10 0.170090 0.457607 0.340181 0.425014
10 0.163222 0.695854 0.326443 0.591279
