2 0.639193 0.173949 0.721614 0.347899
1 0.584713 0.040910 0.830574 0.081820
1 0.276648 0.527942 0.553295 0.576094
3 0.584497 0.265807 0.831007 0.413911
3 0.385966 0.701254 0.661736 0.597491
6 0.530962 0.408937 0.847195 0.510909
4 0.641278 0.700372 0.717443 0.599257
4 0.622495 0.295895 0.755010 0.448631
4 0.513816 0.086768 0.840558 0.173537
4 0.385807 0.096006 0.720168 0.192012
4 0.596182 0.538480 0.807635 0.609045
4 0.556795 0.664936 0.831536 0.670127
8 0.066005 0.335144 0.132009 0.412627
9 0.152035 0.708086 0.304070 0.583828
11 0.275416 0.013758 0.550832 0.027515
7 0.275791 0.387923 0.551582 0.476108
7 0.084391 0.033521 0.168782 0.067042
10 0.189382 0.079254 0.378763 0.158507
10 0.173366 0.304436 0.346731 0.400443
10 0.175523 0.433076 0.351046 0.498906
10 0.165839 0.673949 0.331678 0.652101
