11 0.283747 0.004275 0.567495 0.008549
8 0.064404 0.202154 0.128809 0.297824
9 0.422952 0.650859 0.714893 0.635909
12 0.401864 0.051077 0.762134 0.102154
7 0.420452 0.409849 0.732812 0.470872
10 0.195058 0.076664 0.390116 0.153328
10 0.177788 0.314075 0.355577 0.392685
10 0.286942 0.298131 0.573885 0.382230
10 0.284908 0.579856 0.569816 0.587768
3 0.158425 0.647017 0.316850 0.628658
1 0.542675 0.131690 0.891192 0.246603
2 0.640159 0.187398 0.719682 0.301884
4 0.624448 0.327447 0.751105 0.414142
4 0.598643 0.555037 0.802713 0.577044
4 0.567206 0.680432 0.850551 0.639136
