11 0.529846 0.026953 0.940308 0.053907
8 0.600736 0.207643 0.798529 0.278228
9 0.485369 0.637264 0.868465 0.649918
6 0.562698 0.014356 0.874604 0.028712
12 0.456125 0.069096 0.879168 0.118880
7 0.474056 0.397422 0.869129 0.433497
10 0.571701 0.091883 0.856597 0.154988
10 0.583537 0.305124 0.832927 0.363391
10 0.550512 0.292828 0.898977 0.343414
10 0.559698 0.562754 0.880604 0.592537
3 0.598659 0.630624 0.802682 0.663900
1 0.367485 0.156534 0.734971 0.197628
2 0.079926 0.205806 0.159852 0.220947
4 0.195370 0.321280 0.390741 0.339259
4 0.298781 0.540108 0.597563 0.548191
4 0.377792 0.671003 0.755583 0.657994
