11 0.545647 0.004184 0.908706 0.008369
8 0.621747 0.192512 0.756506 0.294697
9 0.483381 0.642119 0.834852 0.634242
12 0.509519 0.047068 0.945440 0.094135
7 0.499951 0.396758 0.878251 0.459099
10 0.592422 0.073566 0.815157 0.147131
10 0.602555 0.301560 0.794890 0.382142
10 0.564793 0.284173 0.870414 0.370462
10 0.572273 0.570520 0.855454 0.582831
3 0.612685 0.640412 0.774630 0.627666
1 0.393506 0.123027 0.787012 0.239683
2 0.078723 0.169339 0.157447 0.285815
4 0.193731 0.309276 0.387461 0.397859
4 0.280187 0.543020 0.560373 0.570413
4 0.358826 0.677243 0.699652 0.645515
