2 0.634663 0.179721 0.730673 0.246655
1 0.531463 0.129629 0.882061 0.197018
4 0.387507 0.073403 0.726074 0.142894
4 0.619257 0.317193 0.761487 0.368330
4 0.590596 0.562632 0.818808 0.562613
4 0.558248 0.683515 0.849496 0.632971
3 0.392817 0.662124 0.690823 0.627539
3 0.154997 0.640122 0.309995 0.606634
11 0.280530 0.000000 0.561059 0.000000
8 0.069917 0.205416 0.139834 0.262615
9 0.152586 0.717978 0.305172 0.564045
7 0.408758 0.412301 0.728941 0.442656
10 0.277854 0.296961 0.555708 0.345101
10 0.191262 0.065957 0.382523 0.131915
10 0.177168 0.310942 0.354337 0.355476
10 0.282156 0.579705 0.564312 0.567716
