3 0.207416 0.695356 0.414833 0.607601
6 0.108286 0.738790 0.216572 0.522419
2 0.109387 0.389569 0.218773 0.377775
5 0.307454 0.302073 0.614907 0.329958
6 0.322047 0.019643 0.644093 0.039286
9 0.319438 0.104054 0.638875 0.155912
9 0.525714 0.454493 0.892307 0.471096
4 0.407042 0.033087 0.814084 0.066174
4 0.224574 0.271036 0.449148 0.293378
4 0.236979 0.152891 0.473959 0.190814
4 0.213366 0.487216 0.426732 0.464667
4 0.209765 0.599509 0.419529 0.544511
4 0.275821 0.738145 0.551641 0.523710
4 0.413588 0.355848 0.777596 0.384537
8 0.631490 0.376566 0.737021 0.444356
12 0.617237 0.021831 0.765526 0.043662
12 0.622851 0.722314 0.754298 0.555372
7 0.649402 0.548354 0.701197 0.571966
11 0.626656 0.277793 0.746687 0.363336
9 0.558869 0.192479 0.882263 0.267215
9 0.649896 0.665498 0.700208 0.647830
10 0.545078 0.359539 0.904514 0.397946
10 0.593038 0.031728 0.813923 0.063455
10 0.599829 0.250845 0.800342 0.328474
10 0.611452 0.490999 0.777097 0.518069
10 0.617585 0.600588 0.764830 0.594931
10 0.621719 0.685827 0.756562 0.628347
10 0.521325 0.729469 0.803012 0.541062
