6 0.073653 0.731406 0.147307 0.537188
2 0.080631 0.508269 0.161262 0.463371
5 0.302820 0.283606 0.605640 0.276790
9 0.415516 0.094124 0.831033 0.102092
4 0.400715 0.011826 0.801429 0.020710
4 0.198021 0.467731 0.396042 0.432948
4 0.216537 0.246714 0.433075 0.241493
4 0.410530 0.346560 0.781855 0.334548
4 0.269387 0.579419 0.538774 0.524244
3 0.517248 0.441524 0.900858 0.417672
9 0.639339 0.664878 0.721323 0.601176
11 0.559225 0.289609 0.881551 0.288087
8 0.591064 0.369922 0.817871 0.361142
10 0.612892 0.693902 0.774217 0.612195
12 0.612439 0.730916 0.775121 0.538168
12 0.617399 0.010185 0.765202 0.020370
10 0.591266 0.007629 0.817467 0.015257
10 0.528006 0.348477 0.912568 0.338231
10 0.597109 0.231724 0.805783 0.237345
7 0.517938 0.664439 0.877805 0.593741
10 0.511670 0.733230 0.838602 0.533540
