6 0.086256 0.712392 0.172511 0.575215
2 0.078314 0.474372 0.156629 0.526406
3 0.497432 0.412132 0.952189 0.473599
8 0.574653 0.345315 0.850694 0.421798
11 0.534470 0.235745 0.931061 0.335293
5 0.298091 0.235033 0.596181 0.337278
4 0.219025 0.064857 0.438051 0.129715
4 0.213324 0.181128 0.426649 0.290762
4 0.197954 0.440737 0.395909 0.497302
4 0.277240 0.560124 0.554481 0.580553
4 0.402747 0.292350 0.805495 0.381283
9 0.415524 0.032621 0.831047 0.065242
9 0.631276 0.654570 0.737448 0.632684
12 0.594809 0.721753 0.810382 0.556494
12 0.596964 0.013056 0.806072 0.026112
7 0.509706 0.651108 0.915575 0.635771
10 0.511289 0.312621 0.963999 0.396369
10 0.567982 0.006079 0.864037 0.012157
10 0.577685 0.182783 0.844629 0.288290
10 0.599731 0.680460 0.800539 0.639081
10 0.502782 0.723598 0.863341 0.552804
