6 0.673992 0.733004 0.652016 0.533993
2 0.617485 0.631448 0.765029 0.567725
5 0.569291 0.278295 0.861417 0.279228
4 0.617130 0.233610 0.765741 0.241417
4 0.600800 0.583843 0.798401 0.529005
4 0.522418 0.333797 0.848624 0.324977
3 0.379969 0.437854 0.736861 0.409408
11 0.284508 0.263709 0.569015 0.258351
8 0.176862 0.349259 0.353723 0.329733
10 0.385444 0.332653 0.727806 0.321242
10 0.297019 0.094695 0.594038 0.101035
10 0.192692 0.003500 0.385384 0.007001
10 0.174977 0.691099 0.349953 0.589639
12 0.076028 0.178166 0.152056 0.174817
12 0.598572 0.727856 0.802855 0.544288
