6 0.647440 0.710365 0.705119 0.579271
2 0.592991 0.602274 0.814018 0.616195
5 0.549436 0.243101 0.901127 0.334298
4 0.593149 0.186577 0.813701 0.300389
4 0.578048 0.558255 0.843905 0.575714
4 0.493278 0.305886 0.856202 0.373337
3 0.362465 0.410362 0.724929 0.444612
11 0.273843 0.243407 0.547686 0.297682
8 0.173450 0.333548 0.346900 0.359511
10 0.362851 0.305238 0.725701 0.360638
10 0.288100 0.071079 0.576200 0.142159
10 0.170862 0.679976 0.341724 0.613804
12 0.083933 0.167475 0.167866 0.204442
12 0.577413 0.708572 0.845175 0.582857
