2 0.080834 0.223974 0.161668 0.283326
1 0.283043 0.066925 0.566086 0.133851
6 0.374744 0.207673 0.749488 0.265542
3 0.481334 0.209630 0.905920 0.266141
4 0.515779 0.133824 0.945359 0.200176
4 0.193585 0.347349 0.387169 0.382290
4 0.283833 0.578482 0.567666 0.552032
4 0.174163 0.732002 0.348326 0.535996
4 0.345652 0.692736 0.685582 0.614529
3 0.477230 0.723279 0.799558 0.553442
8 0.621414 0.373772 0.757172 0.394878
9 0.611737 0.726839 0.776526 0.546321
11 0.537465 0.036331 0.925069 0.072662
7 0.615463 0.066968 0.769074 0.133937
7 0.558722 0.432847 0.882555 0.441873
10 0.393636 0.096372 0.787272 0.167418
10 0.580679 0.107554 0.838643 0.175940
10 0.599958 0.341594 0.800085 0.370739
10 0.600556 0.460822 0.798888 0.460936
10 0.567072 0.596368 0.865856 0.559929
