2 0.638578 0.195500 0.722844 0.251415
1 0.582360 0.028385 0.835280 0.056770
6 0.534746 0.171408 0.878355 0.225912
3 0.410228 0.171746 0.738038 0.225219
4 0.383584 0.089917 0.712275 0.148286
4 0.625628 0.323455 0.748745 0.363061
4 0.598327 0.567886 0.803345 0.555506
4 0.646132 0.726970 0.707735 0.546060
4 0.554454 0.686925 0.827436 0.626151
3 0.393959 0.717268 0.667848 0.565464
8 0.061283 0.343552 0.122565 0.372282
9 0.152373 0.719914 0.304745 0.560173
7 0.077411 0.023332 0.154821 0.046664
7 0.280238 0.408674 0.560475 0.428059
10 0.525246 0.051532 0.863609 0.103064
10 0.186791 0.062601 0.373581 0.121343
10 0.171140 0.315765 0.342279 0.349660
10 0.168622 0.440306 0.337243 0.451117
10 0.276158 0.581936 0.552316 0.559478
