5 0.084649 0.236910 0.169298 0.309850
2 0.086872 0.325090 0.173744 0.384028
6 0.085845 0.715685 0.171689 0.568629
1 0.114159 0.127681 0.228318 0.210711
1 0.196941 0.665256 0.393882 0.634781
4 0.210352 0.192498 0.420703 0.266986
4 0.218941 0.065927 0.437883 0.131853
4 0.191280 0.563193 0.382560 0.563887
4 0.199639 0.429625 0.399278 0.463448
4 0.266143 0.725566 0.532285 0.548867
4 0.285245 0.680768 0.570489 0.638465
4 0.392216 0.299227 0.784432 0.356057
3 0.309382 0.033023 0.618764 0.066045
3 0.499307 0.395466 0.889210 0.433031
11 0.623081 0.225127 0.753838 0.291311
8 0.628122 0.334147 0.743757 0.381080
7 0.626101 0.144842 0.747798 0.221307
7 0.647117 0.533278 0.705765 0.530062
9 0.553172 0.128258 0.893656 0.208139
9 0.641968 0.654465 0.716065 0.613639
12 0.617250 0.722493 0.765500 0.555014
12 0.618685 0.011631 0.762630 0.023262
10 0.591260 0.006482 0.817480 0.012965
10 0.592738 0.074874 0.814523 0.149748
10 0.597001 0.206009 0.805997 0.274320
10 0.601668 0.319810 0.796663 0.369094
10 0.604502 0.451989 0.790995 0.472414
10 0.612661 0.570795 0.774678 0.558210
10 0.616186 0.683774 0.767627 0.632452
10 0.499617 0.723260 0.803180 0.553481
